1598417318,s1,0.00,0.00,0.00,0,0,0.00,0.00,0.00,0,0,0.00,0.00,0,0
1598417318,eth0,0.00,0.00,0.00,0,0,0.00,0.00,0.00,0,0,0.00,0.00,0,0
1598417318,eth1,0.00,0.00,0.00,0,0,0.00,0.00,0.00,0,0,0.00,0.00,0,0
1598417318,s2,0.00,0.00,0.00,0,0,0.00,0.00,0.00,0,0,0.00,0.00,0,0
1598417318,s1-eth2,0.00,0.00,0.00,0,0,0.00,0.00,0.00,0,0,0.00,0.00,0,0
1598417318,s1-eth1,0.00,0.00,0.00,0,0,0.00,0.00,0.00,0,0,0.00,0.00,0,0
1598417318,s3,0.00,0.00,0.00,0,0,0.00,0.00,0.00,0,0,0.00,0.00,0,0
1598417318,s2-eth2,0.00,0.00,0.00,0,0,0.00,0.00,0.00,0,0,0.00,0.00,0,0
1598417318,s2-eth1,0.00,0.00,0.00,0,0,0.00,0.00,0.00,0,0,0.00,0.00,0,0
1598417318,lo,0.00,0.00,0.00,0,0,0.00,0.00,0.00,0,0,0.00,0.00,0,0
1598417318,s3-eth2,0.00,0.00,0.00,0,0,0.00,0.00,0.00,0,0,0.00,0.00,0,0
1598417318,s3-eth1,0.00,0.00,0.00,0,0,0.00,0.00,0.00,0,0,0.00,0.00,0,0
1598417318,total,0.00,0.00,0.00,0,0,0.00,0.00,0.00,0,0,0.00,0.00,0,0
1598417319,s1,250.00,2379.00,2629.00,2379,250,3.00,13.00,16.00,13,3,0.00,0.00,0,0
1598417319,eth0,4915.00,7983.00,12898.00,7983,4915,53.00,53.00,106.00,53,53,0.00,0.00,0,0
1598417319,eth1,0.00,0.00,0.00,0,0,0.00,0.00,0.00,0,0,0.00,0.00,0,0
1598417319,s2,250.00,2469.00,2719.00,2469,250,3.00,14.00,17.00,14,3,0.00,0.00,0,0
1598417319,s1-eth2,114504.00,4604939.00,4719443.00,4604939,114504,1537.00,3053.00,4590.00,3053,1537,0.00,0.00,0,0
1598417319,s1-eth1,4599427.00,112628.00,4712055.00,112628,4599427,3054.00,1522.00,4576.00,1522,3054,0.00,0.00,0,0
1598417319,s3,0.00,2467.00,2467.00,2467,0,0.00,17.00,17.00,17,0,0.00,0.00,0,0
1598417319,s2-eth2,116205.00,4608065.00,4724270.00,4608065,116205,1554.00,3047.00,4601.00,3047,1554,0.00,0.00,0,0
1598417319,s2-eth1,4604939.00,114504.00,4719443.00,114504,4604939,3053.00,1537.00,4590.00,1537,3053,0.00,0.00,0,0
1598417319,lo,22900.00,22900.00,45800.00,22900,22900,225.00,225.00,450.00,225,225,0.00,0.00,0,0
1598417319,s3-eth2,118928.00,4619214.00,4738142.00,4619214,118928,1575.00,3051.00,4626.00,3051,1575,0.00,0.00,0,0
1598417319,s3-eth1,4605037.00,116205.00,4721242.00,116205,4605037,3045.00,1554.00,4599.00,1554,3045,0.00,0.00,0,0
1598417319,total,14187355.00,14213753.00,28401108.00,14213753,14187355,14102.00,14086.00,28188.00,14086,14102,0.00,0.00,0,0
1598417320,s1,0.00,669.00,669.00,669,0,0.00,2.00,2.00,2,0,0.00,0.00,0,0
1598417320,eth0,4871.00,7635.00,12506.00,7635,4871,51.00,50.00,101.00,50,51,0.00,0.00,0,0
1598417320,eth1,0.00,0.00,0.00,0,0,0.00,0.00,0.00,0,0,0.00,0.00,0,0
1598417320,s2,0.00,669.00,669.00,669,0,0.00,2.00,2.00,2,0,0.00,0.00,0,0
1598417320,s1-eth2,132019.00,5425331.00,5557350.00,5425331,132019,1777.00,3585.00,5362.00,3585,1777,0.00,0.00,0,0
1598417320,s1-eth1,5429028.00,131646.00,5560674.00,131646,5429028,3589.00,1779.00,5368.00,1779,3589,0.00,0.00,0,0
1598417320,s3,0.00,1011.00,1011.00,1011,0,0.00,3.00,3.00,3,0,0.00,0.00,0,0
1598417320,s2-eth2,131547.00,5430718.00,5562265.00,5430718,131547,1767.00,3587.00,5354.00,3587,1767,0.00,0.00,0,0
1598417320,s2-eth1,5425331.00,132019.00,5557350.00,132019,5425331,3585.00,1777.00,5362.00,1777,3585,0.00,0.00,0,0
1598417320,lo,10089.00,10089.00,20178.00,10089,10089,101.00,101.00,202.00,101,101,0.00,0.00,0,0
1598417320,s3-eth2,131727.00,5426176.00,5557903.00,5426176,131727,1757.00,3584.00,5341.00,3584,1757,0.00,0.00,0,0
1598417320,s3-eth1,5430718.00,131547.00,5562265.00,131547,5430718,3587.00,1767.00,5354.00,1767,3587,0.00,0.00,0,0
1598417320,total,16695330.00,16697510.00,33392840.00,16697510,16695330,16214.00,16237.00,32451.00,16237,16214,0.00,0.00,0,0
1598417321,s1,0.00,1075.00,1075.00,1075,0,0.00,5.00,5.00,5,0,0.00,0.00,0,0
1598417321,eth0,60.00,60.00,120.00,60,60,1.00,1.00,2.00,1,1,0.00,0.00,0,0
1598417321,eth1,0.00,0.00,0.00,0,0,0.00,0.00,0.00,0,0,0.00,0.00,0,0
1598417321,s2,0.00,1075.00,1075.00,1075,0,0.00,5.00,5.00,5,0,0.00,0.00,0,0
1598417321,s1-eth2,127432.00,5204693.00,5332125.00,5204693,127432,1719.00,3442.00,5161.00,3442,1719,0.00,0.00,0,0
1598417321,s1-eth1,5208095.00,127280.00,5335375.00,127280,5208095,3446.00,1720.00,5166.00,1720,3446,0.00,0.00,0,0
1598417321,s3,0.00,748.00,748.00,748,0,0.00,4.00,4.00,4,0,0.00,0.00,0,0
1598417321,s2-eth2,127806.00,5184637.00,5312443.00,5184637,127806,1721.00,3427.00,5148.00,3427,1721,0.00,0.00,0,0
1598417321,s2-eth1,5204693.00,127432.00,5332125.00,127432,5204693,3442.00,1719.00,5161.00,1719,3442,0.00,0.00,0,0
1598417321,lo,4438.00,4438.00,8876.00,4438,4438,42.00,42.00,84.00,42,42,0.00,0.00,0,0
1598417321,s3-eth2,128102.00,5168796.00,5296898.00,5168796,128102,1725.00,3414.00,5139.00,3414,1725,0.00,0.00,0,0
1598417321,s3-eth1,5184637.00,127806.00,5312443.00,127806,5184637,3427.00,1721.00,5148.00,1721,3427,0.00,0.00,0,0
1598417321,total,15985263.00,15948040.00,31933304.00,15948040,15985263,15523.00,15500.00,31023.00,15500,15523,0.00,0.00,0,0
1598417322,s1,0.00,677.00,677.00,677,0,0.00,6.00,6.00,6,0,0.00,0.00,0,0
1598417322,eth0,0.00,0.00,0.00,0,0,0.00,0.00,0.00,0,0,0.00,0.00,0,0
1598417322,eth1,0.00,0.00,0.00,0,0,0.00,0.00,0.00,0,0,0.00,0.00,0,0
1598417322,s2,0.00,677.00,677.00,677,0,0.00,6.00,6.00,6,0,0.00,0.00,0,0
1598417322,s1-eth2,128487.00,5232991.00,5361478.00,5232991,128487,1733.00,3461.00,5194.00,3461,1733,0.00,0.00,0,0
1598417322,s1-eth1,5235244.00,128016.00,5363260.00,128016,5235244,3465.00,1730.00,5195.00,1730,3465,0.00,0.00,0,0
1598417322,s3,70.00,934.00,1004.00,934,70,1.00,6.00,7.00,6,1,0.00,0.00,0,0
1598417322,s2-eth2,129698.00,5241678.00,5371376.00,5241678,129698,1746.00,3465.00,5211.00,3465,1746,0.00,0.00,0,0
1598417322,s2-eth1,5232991.00,128487.00,5361478.00,128487,5232991,3461.00,1733.00,5194.00,1733,3461,0.00,0.00,0,0
1598417322,lo,5324.00,5324.00,10648.00,5324,5324,57.00,57.00,114.00,57,57,0.00,0.00,0,0
1598417322,s3-eth2,130539.00,5256678.00,5387217.00,5256678,130539,1751.00,3473.00,5224.00,3473,1751,0.00,0.00,0,0
1598417322,s3-eth1,5241678.00,129698.00,5371376.00,129698,5241678,3465.00,1746.00,5211.00,1746,3465,0.00,0.00,0,0
1598417322,total,16104031.00,16125160.00,32229192.00,16125160,16104031,15679.00,15683.00,31362.00,15683,15679,0.00,0.00,0,0
1598417323,s1,70.00,412.00,482.00,412,70,1.00,2.00,3.00,2,1,0.00,0.00,0,0
1598417323,eth0,0.00,0.00,0.00,0,0,0.00,0.00,0.00,0,0,0.00,0.00,0,0
1598417323,eth1,0.00,0.00,0.00,0,0,0.00,0.00,0.00,0,0,0.00,0.00,0,0
1598417323,s2,70.00,412.00,482.00,412,70,1.00,2.00,3.00,2,1,0.00,0.00,0,0
1598417323,s1-eth2,142446.00,5833854.00,5976300.00,5833854,142446,1925.00,3855.00,5780.00,3855,1925,0.00,0.00,0,0
1598417323,s1-eth1,5829382.00,142450.00,5971832.00,142450,5829382,3853.00,1925.00,5778.00,1925,3853,0.00,0.00,0,0
1598417323,s3,0.00,140.00,140.00,140,0,0.00,2.00,2.00,2,0,0.00,0.00,0,0
1598417323,s2-eth2,141702.00,5833784.00,5975486.00,5833784,141702,1915.00,3854.00,5769.00,3854,1915,0.00,0.00,0,0
1598417323,s2-eth1,5833854.00,142446.00,5976300.00,142446,5833854,3855.00,1925.00,5780.00,1925,3855,0.00,0.00,0,0
1598417323,lo,2260.00,2260.00,4520.00,2260,2260,24.00,24.00,48.00,24,24,0.00,0.00,0,0
1598417323,s3-eth2,141406.00,5831928.00,5973334.00,5831928,141406,1911.00,3852.00,5763.00,3852,1911,0.00,0.00,0,0
1598417323,s3-eth1,5833784.00,141702.00,5975486.00,141702,5833784,3854.00,1915.00,5769.00,1915,3854,0.00,0.00,0,0
1598417323,total,17924974.00,17929388.00,35854360.00,17929388,17924974,17339.00,17356.00,34695.00,17356,17339,0.00,0.00,0,0
1598417324,s1,0.00,0.00,0.00,0,0,0.00,0.00,0.00,0,0,0.00,0.00,0,0
1598417324,eth0,312.69,312.69,625.37,313,313,4.00,4.00,7.99,4,4,0.00,0.00,0,0
1598417324,eth1,0.00,0.00,0.00,0,0,0.00,0.00,0.00,0,0,0.00,0.00,0,0
1598417324,s2,0.00,0.00,0.00,0,0,0.00,0.00,0.00,0,0,0.00,0.00,0,0
1598417324,s1-eth2,136837.17,5537217.00,5674054.00,5542754,136974,1849.15,3657.34,5506.49,3661,1851,0.00,0.00,0,0
1598417324,s1-eth1,5540242.00,136393.61,5676635.50,136530,5545782,3659.34,1843.16,5502.50,1845,3663,0.00,0.00,0,0
1598417324,s3,0.00,0.00,0.00,0,0,0.00,0.00,0.00,0,0,0.00,0.00,0,0
1598417324,s2-eth2,137576.42,5543267.00,5680843.50,5548810,137714,1859.14,3661.34,5520.48,3665,1861,0.00,0.00,0,0
1598417324,s2-eth1,5537217.00,136837.17,5674054.00,136974,5542754,3657.34,1849.15,5506.49,1851,3661,0.00,0.00,0,0
1598417324,lo,0.00,0.00,0.00,0,0,0.00,0.00,0.00,0,0,0.00,0.00,0,0
1598417324,s3-eth2,137872.12,5541754.50,5679626.50,5547296,138010,1863.14,3660.34,5523.48,3664,1865,0.00,0.00,0,0
1598417324,s3-eth1,5543267.00,137576.42,5680843.50,137714,5548810,3661.34,1859.14,5520.48,1861,3665,0.00,0.00,0,0
1598417324,total,17033324.00,17033360.00,34066684.00,17050391,17050357,16553.45,16534.47,33087.91,16551,16570,0.00,0.00,0,0
1598417325,s1,0.00,214.00,214.00,214,0,0.00,2.00,2.00,2,0,0.00,0.00,0,0
1598417325,eth0,0.00,0.00,0.00,0,0,0.00,0.00,0.00,0,0,0.00,0.00,0,0
1598417325,eth1,0.00,0.00,0.00,0,0,0.00,0.00,0.00,0,0,0.00,0.00,0,0
1598417325,s2,0.00,214.00,214.00,214,0,0.00,2.00,2.00,2,0,0.00,0.00,0,0
1598417325,s1-eth2,131087.00,5424876.00,5555963.00,5424876,131087,1771.00,3585.00,5356.00,3585,1771,0.00,0.00,0,0
1598417325,s1-eth1,5421955.00,131424.00,5553379.00,131424,5421955,3584.00,1776.00,5360.00,1776,3584,0.00,0.00,0,0
1598417325,s3,0.00,214.00,214.00,214,0,0.00,2.00,2.00,2,0,0.00,0.00,0,0
1598417325,s2-eth2,131120.00,5421741.00,5552861.00,5421741,131120,1771.00,3582.00,5353.00,3582,1771,0.00,0.00,0,0
1598417325,s2-eth1,5424876.00,131087.00,5555963.00,131087,5424876,3585.00,1771.00,5356.00,1771,3585,0.00,0.00,0,0
1598417325,lo,1830.00,1830.00,3660.00,1830,1830,18.00,18.00,36.00,18,18,0.00,0.00,0,0
1598417325,s3-eth2,132128.00,5424662.00,5556790.00,5424662,132128,1781.00,3583.00,5364.00,3583,1781,0.00,0.00,0,0
1598417325,s3-eth1,5421741.00,131120.00,5552861.00,131120,5421741,3582.00,1771.00,5353.00,1771,3582,0.00,0.00,0,0
1598417325,total,16664737.00,16667382.00,33332120.00,16667382,16664737,16092.00,16092.00,32184.00,16092,16092,0.00,0.00,0,0
1598417326,s1,0.00,350.00,350.00,350,0,0.00,5.00,5.00,5,0,0.00,0.00,0,0
1598417326,eth0,0.00,0.00,0.00,0,0,0.00,0.00,0.00,0,0,0.00,0.00,0,0
1598417326,eth1,0.00,0.00,0.00,0,0,0.00,0.00,0.00,0,0,0.00,0.00,0,0
1598417326,s2,0.00,350.00,350.00,350,0,0.00,5.00,5.00,5,0,0.00,0.00,0,0
1598417326,s1-eth2,133266.00,5444624.00,5577890.00,5444624,133266,1801.00,3600.00,5401.00,3600,1801,0.00,0.00,0,0
1598417326,s1-eth1,5444694.00,133196.00,5577890.00,133196,5444694,3601.00,1800.00,5401.00,1800,3601,0.00,0.00,0,0
1598417326,s3,70.00,622.00,692.00,622,70,1.00,5.00,6.00,5,1,0.00,0.00,0,0
1598417326,s2-eth2,132938.00,5444554.00,5577492.00,5444554,132938,1793.00,3599.00,5392.00,3599,1793,0.00,0.00,0,0
1598417326,s2-eth1,5444624.00,133266.00,5577890.00,133266,5444624,3600.00,1801.00,5401.00,1801,3600,0.00,0.00,0,0
1598417326,lo,4346.00,4346.00,8692.00,4346,4346,48.00,48.00,96.00,48,48,0.00,0.00,0,0
1598417326,s3-eth2,132371.00,5444414.00,5576785.00,5444414,132371,1785.00,3597.00,5382.00,3597,1785,0.00,0.00,0,0
1598417326,s3-eth1,5444554.00,132938.00,5577492.00,132938,5444554,3599.00,1793.00,5392.00,1793,3599,0.00,0.00,0,0
1598417326,total,16736863.00,16738660.00,33475524.00,16738660,16736863,16228.00,16253.00,32481.00,16253,16228,0.00,0.00,0,0
1598417327,s1,70.00,70.00,140.00,70,70,1.00,1.00,2.00,1,1,0.00,0.00,0,0
1598417327,eth0,265.00,325.00,590.00,325,265,4.00,5.00,9.00,5,4,0.00,0.00,0,0
1598417327,eth1,0.00,0.00,0.00,0,0,0.00,0.00,0.00,0,0,0.00,0.00,0,0
1598417327,s2,70.00,70.00,140.00,70,70,1.00,1.00,2.00,1,1,0.00,0.00,0,0
1598417327,s1-eth2,144666.00,5921324.00,6065990.00,5921324,144666,1955.00,3912.00,5867.00,3912,1955,0.00,0.00,0,0
1598417327,s1-eth1,5921736.00,144670.00,6066406.00,144670,5921736,3914.00,1955.00,5869.00,1955,3914,0.00,0.00,0,0
1598417327,s3,0.00,140.00,140.00,140,0,0.00,2.00,2.00,2,0,0.00,0.00,0,0
1598417327,s2-eth2,144810.00,5919740.00,6064550.00,5919740,144810,1957.00,3910.00,5867.00,3910,1957,0.00,0.00,0,0
1598417327,s2-eth1,5921324.00,144666.00,6065990.00,144666,5921324,3912.00,1955.00,5867.00,1955,3912,0.00,0.00,0,0
1598417327,lo,1608.00,1608.00,3216.00,1608,1608,18.00,18.00,36.00,18,18,0.00,0.00,0,0
1598417327,s3-eth2,144736.00,5919740.00,6064476.00,5919740,144736,1956.00,3910.00,5866.00,3910,1956,0.00,0.00,0,0
1598417327,s3-eth1,5919740.00,144810.00,6064550.00,144810,5919740,3910.00,1957.00,5867.00,1957,3910,0.00,0.00,0,0
1598417327,total,18199024.00,18197164.00,36396188.00,18197163,18199025,17628.00,17626.00,35254.00,17626,17628,0.00,0.00,0,0
1598417328,s1,0.00,342.00,342.00,342,0,0.00,1.00,1.00,1,0,0.00,0.00,0,0
1598417328,eth0,0.00,0.00,0.00,0,0,0.00,0.00,0.00,0,0,0.00,0.00,0,0
1598417328,eth1,0.00,0.00,0.00,0,0,0.00,0.00,0.00,0,0,0.00,0.00,0,0
1598417328,s2,0.00,342.00,342.00,342,0,0.00,1.00,1.00,1,0,0.00,0.00,0,0
1598417328,s1-eth2,135466.00,5527956.00,5663422.00,5527956,135466,1827.00,3652.00,5479.00,3652,1827,0.00,0.00,0,0
1598417328,s1-eth1,5527956.00,135124.00,5663080.00,135124,5527956,3652.00,1826.00,5478.00,1826,3652,0.00,0.00,0,0
1598417328,s3,0.00,342.00,342.00,342,0,0.00,1.00,1.00,1,0,0.00,0.00,0,0
1598417328,s2-eth2,135392.00,5527614.00,5663006.00,5527614,135392,1826.00,3651.00,5477.00,3651,1826,0.00,0.00,0,0
1598417328,s2-eth1,5527956.00,135466.00,5663422.00,135466,5527956,3652.00,1827.00,5479.00,1827,3652,0.00,0.00,0,0
1598417328,lo,978.00,978.00,1956.00,978,978,9.00,9.00,18.00,9,9,0.00,0.00,0,0
1598417328,s3-eth2,135392.00,5529128.00,5664520.00,5529128,135392,1826.00,3652.00,5478.00,3652,1826,0.00,0.00,0,0
1598417328,s3-eth1,5527614.00,135392.00,5663006.00,135392,5527614,3651.00,1826.00,5477.00,1826,3651,0.00,0.00,0,0
1598417328,total,16990754.00,16992684.00,33983440.00,16992684,16990754,16443.00,16446.00,32889.00,16446,16443,0.00,0.00,0,0
1598417329,s1,0.00,0.00,0.00,0,0,0.00,0.00,0.00,0,0,0.00,0.00,0,0
1598417329,eth0,0.00,0.00,0.00,0,0,0.00,0.00,0.00,0,0,0.00,0.00,0,0
1598417329,eth1,0.00,0.00,0.00,0,0,0.00,0.00,0.00,0,0,0.00,0.00,0,0
1598417329,s2,0.00,0.00,0.00,0,0,0.00,0.00,0.00,0,0,0.00,0.00,0,0
1598417329,s1-eth2,148814.00,6090822.00,6239636.00,6090822,148814,2011.00,4023.00,6034.00,4023,2011,0.00,0.00,0,0
1598417329,s1-eth1,6089308.00,148740.00,6238048.00,148740,6089308,4022.00,2010.00,6032.00,2010,4022,0.00,0.00,0,0
1598417329,s3,0.00,0.00,0.00,0,0,0.00,0.00,0.00,0,0,0.00,0.00,0,0
1598417329,s2-eth2,148888.00,6092336.00,6241224.00,6092336,148888,2012.00,4024.00,6036.00,4024,2012,0.00,0.00,0,0
1598417329,s2-eth1,6090822.00,148814.00,6239636.00,148814,6090822,4023.00,2011.00,6034.00,2011,4023,0.00,0.00,0,0
1598417329,lo,0.00,0.00,0.00,0,0,0.00,0.00,0.00,0,0,0.00,0.00,0,0
1598417329,s3-eth2,148962.00,6092336.00,6241298.00,6092336,148962,2013.00,4024.00,6037.00,4024,2013,0.00,0.00,0,0
1598417329,s3-eth1,6092336.00,148888.00,6241224.00,148888,6092336,4024.00,2012.00,6036.00,2012,4024,0.00,0.00,0,0
1598417329,total,18719130.00,18721936.00,37441064.00,18721936,18719130,18105.00,18104.00,36209.00,18104,18105,0.00,0.00,0,0
1598417330,s1,0.00,342.00,342.00,342,0,0.00,1.00,1.00,1,0,0.00,0.00,0,0
1598417330,eth0,433.00,433.00,866.00,433,433,6.00,6.00,12.00,6,6,0.00,0.00,0,0
1598417330,eth1,0.00,0.00,0.00,0,0,0.00,0.00,0.00,0,0,0.00,0.00,0,0
1598417330,s2,0.00,342.00,342.00,342,0,0.00,1.00,1.00,1,0,0.00,0.00,0,0
1598417330,s1-eth2,137936.00,5636964.00,5774900.00,5636964,137936,1864.00,3724.00,5588.00,3724,1864,0.00,0.00,0,0
1598417330,s1-eth1,5641506.00,138010.00,5779516.00,138010,5641506,3727.00,1865.00,5592.00,1865,3727,0.00,0.00,0,0
1598417330,s3,0.00,0.00,0.00,0,0,0.00,0.00,0.00,0,0,0.00,0.00,0,0
1598417330,s2-eth2,137862.00,5639992.00,5777854.00,5639992,137862,1863.00,3726.00,5589.00,3726,1863,0.00,0.00,0,0
1598417330,s2-eth1,5638478.00,137936.00,5776414.00,137936,5638478,3725.00,1864.00,5589.00,1864,3725,0.00,0.00,0,0
1598417330,lo,652.00,652.00,1304.00,652,652,6.00,6.00,12.00,6,6,0.00,0.00,0,0
1598417330,s3-eth2,137714.00,5636622.00,5774336.00,5636622,137714,1861.00,3723.00,5584.00,3723,1861,0.00,0.00,0,0
1598417330,s3-eth1,5639992.00,137862.00,5777854.00,137862,5639992,3726.00,1863.00,5589.00,1863,3726,0.00,0.00,0,0
1598417330,total,17334572.00,17329156.00,34663728.00,17329155,17334573,16778.00,16779.00,33557.00,16779,16778,0.00,0.00,0,0
1598417331,s1,0.00,0.00,0.00,0,0,0.00,0.00,0.00,0,0,0.00,0.00,0,0
1598417331,eth0,0.00,0.00,0.00,0,0,0.00,0.00,0.00,0,0,0.00,0.00,0,0
1598417331,eth1,0.00,0.00,0.00,0,0,0.00,0.00,0.00,0,0,0.00,0.00,0,0
1598417331,s2,0.00,0.00,0.00,0,0,0.00,0.00,0.00,0,0,0.00,0.00,0,0
1598417331,s1-eth2,144004.00,5830414.00,5974418.00,5830414,144004,1946.00,3851.00,5797.00,3851,1946,0.00,0.00,0,0
1598417331,s1-eth1,5825872.00,143042.00,5968914.00,143042,5825872,3848.00,1933.00,5781.00,1933,3848,0.00,0.00,0,0
1598417331,s3,0.00,0.00,0.00,0,0,0.00,0.00,0.00,0,0,0.00,0.00,0,0
1598417331,s2-eth2,144744.00,5830414.00,5975158.00,5830414,144744,1956.00,3851.00,5807.00,3851,1956,0.00,0.00,0,0
1598417331,s2-eth1,5828900.00,144004.00,5972904.00,144004,5828900,3850.00,1946.00,5796.00,1946,3850,0.00,0.00,0,0
1598417331,lo,0.00,0.00,0.00,0,0,0.00,0.00,0.00,0,0,0.00,0.00,0,0
1598417331,s3-eth2,145780.00,5834956.00,5980736.00,5834956,145780,1970.00,3854.00,5824.00,3854,1970,0.00,0.00,0,0
1598417331,s3-eth1,5830414.00,144744.00,5975158.00,144744,5830414,3851.00,1956.00,5807.00,1956,3851,0.00,0.00,0,0
1598417331,total,17919714.00,17927574.00,35847288.00,17927574,17919714,17421.00,17391.00,34812.00,17391,17421,0.00,0.00,0,0
1598417332,s1,0.00,0.00,0.00,0,0,0.00,0.00,0.00,0,0,0.00,0.00,0,0
1598417332,eth0,0.00,0.00,0.00,0,0,0.00,0.00,0.00,0,0,0.00,0.00,0,0
1598417332,eth1,0.00,0.00,0.00,0,0,0.00,0.00,0.00,0,0,0.00,0.00,0,0
1598417332,s2,0.00,0.00,0.00,0,0,0.00,0.00,0.00,0,0,0.00,0.00,0,0
1598417332,s1-eth2,128834.00,5327766.00,5456600.00,5327766,128834,1741.00,3519.00,5260.00,3519,1741,0.00,0.00,0,0
1598417332,s1-eth1,5330794.00,129574.00,5460368.00,129574,5330794,3521.00,1751.00,5272.00,1751,3521,0.00,0.00,0,0
1598417332,s3,0.00,0.00,0.00,0,0,0.00,0.00,0.00,0,0,0.00,0.00,0,0
1598417332,s2-eth2,128242.00,5321710.00,5449952.00,5321710,128242,1733.00,3515.00,5248.00,3515,1733,0.00,0.00,0,0
1598417332,s2-eth1,5327766.00,128834.00,5456600.00,128834,5327766,3519.00,1741.00,5260.00,1741,3519,0.00,0.00,0,0
1598417332,lo,0.00,0.00,0.00,0,0,0.00,0.00,0.00,0,0,0.00,0.00,0,0
1598417332,s3-eth2,127354.00,5318682.00,5446036.00,5318682,127354,1721.00,3513.00,5234.00,3513,1721,0.00,0.00,0,0
1598417332,s3-eth1,5321710.00,128242.00,5449952.00,128242,5321710,3515.00,1733.00,5248.00,1733,3515,0.00,0.00,0,0
1598417332,total,16364700.00,16354808.00,32719508.00,16354808,16364700,15750.00,15772.00,31522.00,15772,15750,0.00,0.00,0,0
1598417333,s1,0.00,214.00,214.00,214,0,0.00,2.00,2.00,2,0,0.00,0.00,0,0
1598417333,eth0,0.00,0.00,0.00,0,0,0.00,0.00,0.00,0,0,0.00,0.00,0,0
1598417333,eth1,0.00,0.00,0.00,0,0,0.00,0.00,0.00,0,0,0.00,0.00,0,0
1598417333,s2,0.00,214.00,214.00,214,0,0.00,2.00,2.00,2,0,0.00,0.00,0,0
1598417333,s1-eth2,135749.00,5561136.00,5696885.00,5561136,135749,1834.00,3675.00,5509.00,3675,1834,0.00,0.00,0,0
1598417333,s1-eth1,5559729.00,135864.00,5695593.00,135864,5559729,3675.00,1836.00,5511.00,1836,3675,0.00,0.00,0,0
1598417333,s3,0.00,214.00,214.00,214,0,0.00,2.00,2.00,2,0,0.00,0.00,0,0
1598417333,s2-eth2,135708.00,5564057.00,5699765.00,5564057,135708,1833.00,3676.00,5509.00,3676,1833,0.00,0.00,0,0
1598417333,s2-eth1,5561136.00,135749.00,5696885.00,135749,5561136,3675.00,1834.00,5509.00,1834,3675,0.00,0.00,0,0
1598417333,lo,1830.00,1830.00,3660.00,1830,1830,18.00,18.00,36.00,18,18,0.00,0.00,0,0
1598417333,s3-eth2,135634.00,5565464.00,5701098.00,5565464,135634,1832.00,3676.00,5508.00,3676,1832,0.00,0.00,0,0
1598417333,s3-eth1,5564057.00,135708.00,5699765.00,135708,5564057,3676.00,1833.00,5509.00,1833,3676,0.00,0.00,0,0
1598417333,total,17093844.00,17100450.00,34194292.00,17100450,17093843,16543.00,16554.00,33097.00,16554,16543,0.00,0.00,0,0
1598417334,s1,0.00,0.00,0.00,0,0,0.00,0.00,0.00,0,0,0.00,0.00,0,0
1598417334,eth0,0.00,0.00,0.00,0,0,0.00,0.00,0.00,0,0,0.00,0.00,0,0
1598417334,eth1,0.00,0.00,0.00,0,0,0.00,0.00,0.00,0,0,0.00,0.00,0,0
1598417334,s2,0.00,0.00,0.00,0,0,0.00,0.00,0.00,0,0,0.00,0.00,0,0
1598417334,s1-eth2,149332.00,6113532.00,6262864.00,6113532,149332,2018.00,4038.00,6056.00,4038,2018,0.00,0.00,0,0
1598417334,s1-eth1,6112018.00,149332.00,6261350.00,149332,6112018,4037.00,2018.00,6055.00,2018,4037,0.00,0.00,0,0
1598417334,s3,0.00,0.00,0.00,0,0,0.00,0.00,0.00,0,0,0.00,0.00,0,0
1598417334,s2-eth2,149332.00,6113532.00,6262864.00,6113532,149332,2018.00,4038.00,6056.00,4038,2018,0.00,0.00,0,0
1598417334,s2-eth1,6113532.00,149332.00,6262864.00,149332,6113532,4038.00,2018.00,6056.00,2018,4038,0.00,0.00,0,0
1598417334,lo,0.00,0.00,0.00,0,0,0.00,0.00,0.00,0,0,0.00,0.00,0,0
1598417334,s3-eth2,149439.00,6113532.00,6262971.00,6113532,149439,2019.00,4038.00,6057.00,4038,2019,0.00,0.00,0,0
1598417334,s3-eth1,6113532.00,149332.00,6262864.00,149332,6113532,4038.00,2018.00,6056.00,2018,4038,0.00,0.00,0,0
1598417334,total,18787184.00,18788592.00,37575776.00,18788592,18787185,18168.00,18168.00,36336.00,18168,18168,0.00,0.00,0,0
1598417335,s1,0.00,0.00,0.00,0,0,0.00,0.00,0.00,0,0,0.00,0.00,0,0
1598417335,eth0,0.00,0.00,0.00,0,0,0.00,0.00,0.00,0,0,0.00,0.00,0,0
1598417335,eth1,0.00,0.00,0.00,0,0,0.00,0.00,0.00,0,0,0.00,0.00,0,0
1598417335,s2,0.00,0.00,0.00,0,0,0.00,0.00,0.00,0,0,0.00,0.00,0,0
1598417335,s1-eth2,149332.00,6108990.00,6258322.00,6108990,149332,2018.00,4035.00,6053.00,4035,2018,0.00,0.00,0,0
1598417335,s1-eth1,6110504.00,149332.00,6259836.00,149332,6110504,4036.00,2018.00,6054.00,2018,4036,0.00,0.00,0,0
1598417335,s3,0.00,0.00,0.00,0,0,0.00,0.00,0.00,0,0,0.00,0.00,0,0
1598417335,s2-eth2,149480.00,6110504.00,6259984.00,6110504,149480,2020.00,4036.00,6056.00,4036,2020,0.00,0.00,0,0
1598417335,s2-eth1,6108990.00,149332.00,6258322.00,149332,6108990,4035.00,2018.00,6053.00,2018,4035,0.00,0.00,0,0
1598417335,lo,0.00,0.00,0.00,0,0,0.00,0.00,0.00,0,0,0.00,0.00,0,0
1598417335,s3-eth2,149406.00,6110504.00,6259910.00,6110504,149406,2019.00,4036.00,6055.00,4036,2019,0.00,0.00,0,0
1598417335,s3-eth1,6110504.00,149480.00,6259984.00,149480,6110504,4036.00,2020.00,6056.00,2020,4036,0.00,0.00,0,0
1598417335,total,18778216.00,18778142.00,37556360.00,18778142,18778216,18164.00,18163.00,36327.00,18163,18164,0.00,0.00,0,0
1598417336,s1,0.00,0.00,0.00,0,0,0.00,0.00,0.00,0,0,0.00,0.00,0,0
1598417336,eth0,313.00,313.00,626.00,313,313,4.00,4.00,8.00,4,4,0.00,0.00,0,0
1598417336,eth1,0.00,0.00,0.00,0,0,0.00,0.00,0.00,0,0,0.00,0.00,0,0
1598417336,s2,0.00,0.00,0.00,0,0,0.00,0.00,0.00,0,0,0.00,0.00,0,0
1598417336,s1-eth2,150886.00,6174092.00,6324978.00,6174092,150886,2039.00,4078.00,6117.00,4078,2039,0.00,0.00,0,0
1598417336,s1-eth1,6174092.00,150886.00,6324978.00,150886,6174092,4078.00,2039.00,6117.00,2039,4078,0.00,0.00,0,0
1598417336,s3,0.00,0.00,0.00,0,0,0.00,0.00,0.00,0,0,0.00,0.00,0,0
1598417336,s2-eth2,150738.00,6172578.00,6323316.00,6172578,150738,2037.00,4077.00,6114.00,4077,2037,0.00,0.00,0,0
1598417336,s2-eth1,6174092.00,150886.00,6324978.00,150886,6174092,4078.00,2039.00,6117.00,2039,4078,0.00,0.00,0,0
1598417336,lo,0.00,0.00,0.00,0,0,0.00,0.00,0.00,0,0,0.00,0.00,0,0
1598417336,s3-eth2,150738.00,6174092.00,6324830.00,6174092,150738,2037.00,4078.00,6115.00,4078,2037,0.00,0.00,0,0
1598417336,s3-eth1,6172578.00,150738.00,6323316.00,150738,6172578,4077.00,2037.00,6114.00,2037,4077,0.00,0.00,0,0
1598417336,total,18973436.00,18973584.00,37947024.00,18973585,18973437,18350.00,18352.00,36702.00,18352,18350,0.00,0.00,0,0
1598417337,s1,0.00,0.00,0.00,0,0,0.00,0.00,0.00,0,0,0.00,0.00,0,0
1598417337,eth0,0.00,0.00,0.00,0,0,0.00,0.00,0.00,0,0,0.00,0.00,0,0
1598417337,eth1,0.00,0.00,0.00,0,0,0.00,0.00,0.00,0,0,0.00,0.00,0,0
1598417337,s2,0.00,0.00,0.00,0,0,0.00,0.00,0.00,0,0,0.00,0.00,0,0
1598417337,s1-eth2,118178.00,4772128.00,4890306.00,4772128,118178,1597.00,3152.00,4749.00,3152,1597,0.00,0.00,0,0
1598417337,s1-eth1,4781212.00,117438.00,4898650.00,117438,4781212,3158.00,1587.00,4745.00,1587,3158,0.00,0.00,0,0
1598417337,s3,0.00,342.00,342.00,342,0,0.00,1.00,1.00,1,0,0.00,0.00,0,0
1598417337,s2-eth2,118668.00,4766072.00,4884740.00,4766072,118668,1600.00,3148.00,4748.00,3148,1600,0.00,0.00,0,0
1598417337,s2-eth1,4772128.00,118178.00,4890306.00,118178,4772128,3152.00,1597.00,4749.00,1597,3152,0.00,0.00,0,0
1598417337,lo,326.00,326.00,652.00,326,326,3.00,3.00,6.00,3,3,0.00,0.00,0,0
1598417337,s3-eth2,118668.00,4760016.00,4878684.00,4760016,118668,1600.00,3144.00,4744.00,3144,1600,0.00,0.00,0,0
1598417337,s3-eth1,4766072.00,118668.00,4884740.00,118668,4766072,3148.00,1600.00,4748.00,1600,3148,0.00,0.00,0,0
1598417337,total,14675252.00,14653168.00,29328420.00,14653168,14675252,14258.00,14232.00,28490.00,14232,14258,0.00,0.00,0,0
1598417338,s1,0.00,0.00,0.00,0,0,0.00,0.00,0.00,0,0,0.00,0.00,0,0
1598417338,eth0,0.00,0.00,0.00,0,0,0.00,0.00,0.00,0,0,0.00,0.00,0,0
1598417338,eth1,0.00,0.00,0.00,0,0,0.00,0.00,0.00,0,0,0.00,0.00,0,0
1598417338,s2,0.00,0.00,0.00,0,0,0.00,0.00,0.00,0,0,0.00,0.00,0,0
1598417338,s1-eth2,139268.00,5757742.00,5897010.00,5757742,139268,1882.00,3803.00,5685.00,3803,1882,0.00,0.00,0,0
1598417338,s1-eth1,5748658.00,139860.00,5888518.00,139860,5748658,3797.00,1890.00,5687.00,1890,3797,0.00,0.00,0,0
1598417338,s3,0.00,0.00,0.00,0,0,0.00,0.00,0.00,0,0,0.00,0.00,0,0
1598417338,s2-eth2,139194.00,5759256.00,5898450.00,5759256,139194,1881.00,3804.00,5685.00,3804,1881,0.00,0.00,0,0
1598417338,s2-eth1,5757742.00,139268.00,5897010.00,139268,5757742,3803.00,1882.00,5685.00,1882,3803,0.00,0.00,0,0
1598417338,lo,344.00,344.00,688.00,344,344,6.00,6.00,12.00,6,6,0.00,0.00,0,0
1598417338,s3-eth2,139194.00,5760770.00,5899964.00,5760770,139194,1881.00,3805.00,5686.00,3805,1881,0.00,0.00,0,0
1598417338,s3-eth1,5759256.00,139194.00,5898450.00,139194,5759256,3804.00,1881.00,5685.00,1881,3804,0.00,0.00,0,0
1598417338,total,17683656.00,17696434.00,35380088.00,17696434,17683656,17054.00,17071.00,34125.00,17071,17054,0.00,0.00,0,0
1598417339,s1,0.00,0.00,0.00,0,0,0.00,0.00,0.00,0,0,0.00,0.00,0,0
1598417339,eth0,0.00,0.00,0.00,0,0,0.00,0.00,0.00,0,0,0.00,0.00,0,0
1598417339,eth1,0.00,0.00,0.00,0,0,0.00,0.00,0.00,0,0,0.00,0.00,0,0
1598417339,s2,0.00,0.00,0.00,0,0,0.00,0.00,0.00,0,0,0.00,0.00,0,0
1598417339,s1-eth2,146224.00,5987870.00,6134094.00,5987870,146224,1976.00,3955.00,5931.00,3955,1976,0.00,0.00,0,0
1598417339,s1-eth1,5988212.00,146372.00,6134584.00,146372,5988212,3956.00,1978.00,5934.00,1978,3956,0.00,0.00,0,0
1598417339,s3,0.00,0.00,0.00,0,0,0.00,0.00,0.00,0,0,0.00,0.00,0,0
1598417339,s2-eth2,146150.00,5990898.00,6137048.00,5990898,146150,1975.00,3957.00,5932.00,3957,1975,0.00,0.00,0,0
1598417339,s2-eth1,5987870.00,146224.00,6134094.00,146224,5987870,3955.00,1976.00,5931.00,1976,3955,0.00,0.00,0,0
1598417339,lo,0.00,0.00,0.00,0,0,0.00,0.00,0.00,0,0,0.00,0.00,0,0
1598417339,s3-eth2,146640.00,5992412.00,6139052.00,5992412,146640,1978.00,3958.00,5936.00,3958,1978,0.00,0.00,0,0
1598417339,s3-eth1,5990898.00,146150.00,6137048.00,146150,5990898,3957.00,1975.00,5932.00,1975,3957,0.00,0.00,0,0
1598417339,total,18405994.00,18409926.00,36815920.00,18409926,18405994,17797.00,17799.00,35596.00,17799,17797,0.00,0.00,0,0
1598417340,s1,0.00,0.00,0.00,0,0,0.00,0.00,0.00,0,0,0.00,0.00,0,0
1598417340,eth0,120.00,120.00,240.00,120,120,2.00,2.00,4.00,2,2,0.00,0.00,0,0
1598417340,eth1,0.00,0.00,0.00,0,0,0.00,0.00,0.00,0,0,0.00,0.00,0,0
1598417340,s2,0.00,0.00,0.00,0,0,0.00,0.00,0.00,0,0,0.00,0.00,0,0
1598417340,s1-eth2,150220.00,6146840.00,6297060.00,6146840,150220,2030.00,4060.00,6090.00,4060,2030,0.00,0.00,0,0
1598417340,s1-eth1,6146840.00,150220.00,6297060.00,150220,6146840,4060.00,2030.00,6090.00,2030,4060,0.00,0.00,0,0
1598417340,s3,0.00,0.00,0.00,0,0,0.00,0.00,0.00,0,0,0.00,0.00,0,0
1598417340,s2-eth2,150220.00,6146840.00,6297060.00,6146840,150220,2030.00,4060.00,6090.00,4060,2030,0.00,0.00,0,0
1598417340,s2-eth1,6146840.00,150220.00,6297060.00,150220,6146840,4060.00,2030.00,6090.00,2030,4060,0.00,0.00,0,0
1598417340,lo,0.00,0.00,0.00,0,0,0.00,0.00,0.00,0,0,0.00,0.00,0,0
1598417340,s3-eth2,150146.00,6148354.00,6298500.00,6148354,150146,2029.00,4061.00,6090.00,4061,2029,0.00,0.00,0,0
1598417340,s3-eth1,6146840.00,150220.00,6297060.00,150220,6146840,4060.00,2030.00,6090.00,2030,4060,0.00,0.00,0,0
1598417340,total,18891226.00,18892814.00,37784040.00,18892814,18891226,18271.00,18273.00,36544.00,18273,18271,0.00,0.00,0,0
1598417341,s1,0.00,342.00,342.00,342,0,0.00,1.00,1.00,1,0,0.00,0.00,0,0
1598417341,eth0,0.00,0.00,0.00,0,0,0.00,0.00,0.00,0,0,0.00,0.00,0,0
1598417341,eth1,0.00,0.00,0.00,0,0,0.00,0.00,0.00,0,0,0.00,0.00,0,0
1598417341,s2,0.00,342.00,342.00,342,0,0.00,1.00,1.00,1,0,0.00,0.00,0,0
1598417341,s1-eth2,150368.00,6153238.00,6303606.00,6153238,150368,2032.00,4065.00,6097.00,4065,2032,0.00,0.00,0,0
1598417341,s1-eth1,6153238.00,150368.00,6303606.00,150368,6153238,4065.00,2032.00,6097.00,2032,4065,0.00,0.00,0,0
1598417341,s3,0.00,0.00,0.00,0,0,0.00,0.00,0.00,0,0,0.00,0.00,0,0
1598417341,s2-eth2,150368.00,6153238.00,6303606.00,6153238,150368,2032.00,4065.00,6097.00,4065,2032,0.00,0.00,0,0
1598417341,s2-eth1,6153238.00,150368.00,6303606.00,150368,6153238,4065.00,2032.00,6097.00,2032,4065,0.00,0.00,0,0
1598417341,lo,652.00,652.00,1304.00,652,652,6.00,6.00,12.00,6,6,0.00,0.00,0,0
1598417341,s3-eth2,150368.00,6155924.00,6306292.00,6155924,150368,2032.00,4066.00,6098.00,4066,2032,0.00,0.00,0,0
1598417341,s3-eth1,6153238.00,150368.00,6303606.00,150368,6153238,4065.00,2032.00,6097.00,2032,4065,0.00,0.00,0,0
1598417341,total,18911470.00,18914840.00,37826312.00,18914840,18911470,18297.00,18300.00,36597.00,18300,18297,0.00,0.00,0,0
1598417342,s1,0.00,0.00,0.00,0,0,0.00,0.00,0.00,0,0,0.00,0.00,0,0
1598417342,eth0,313.00,313.00,626.00,313,313,4.00,4.00,8.00,4,4,0.00,0.00,0,0
1598417342,eth1,0.00,0.00,0.00,0,0,0.00,0.00,0.00,0,0,0.00,0.00,0,0
1598417342,s2,0.00,0.00,0.00,0,0,0.00,0.00,0.00,0,0,0.00,0.00,0,0
1598417342,s1-eth2,150442.00,6151382.00,6301824.00,6151382,150442,2033.00,4063.00,6096.00,4063,2033,0.00,0.00,0,0
1598417342,s1-eth1,6151382.00,150294.00,6301676.00,150294,6151382,4063.00,2031.00,6094.00,2031,4063,0.00,0.00,0,0
1598417342,s3,0.00,0.00,0.00,0,0,0.00,0.00,0.00,0,0,0.00,0.00,0,0
1598417342,s2-eth2,150442.00,6152896.00,6303338.00,6152896,150442,2033.00,4064.00,6097.00,4064,2033,0.00,0.00,0,0
1598417342,s2-eth1,6151382.00,150442.00,6301824.00,150442,6151382,4063.00,2033.00,6096.00,2033,4063,0.00,0.00,0,0
1598417342,lo,172.00,172.00,344.00,172,172,3.00,3.00,6.00,3,3,0.00,0.00,0,0
1598417342,s3-eth2,150442.00,6151382.00,6301824.00,6151382,150442,2033.00,4063.00,6096.00,4063,2033,0.00,0.00,0,0
1598417342,s3-eth1,6152896.00,150442.00,6303338.00,150442,6152896,4064.00,2033.00,6097.00,2033,4064,0.00,0.00,0,0
1598417342,total,18907472.00,18907324.00,37814792.00,18907323,18907471,18296.00,18294.00,36590.00,18294,18296,0.00,0.00,0,0
1598417343,s1,0.00,0.00,0.00,0,0,0.00,0.00,0.00,0,0,0.00,0.00,0,0
1598417343,eth0,0.00,0.00,0.00,0,0,0.00,0.00,0.00,0,0,0.00,0.00,0,0
1598417343,eth1,0.00,0.00,0.00,0,0,0.00,0.00,0.00,0,0,0.00,0.00,0,0
1598417343,s2,0.00,0.00,0.00,0,0,0.00,0.00,0.00,0,0,0.00,0.00,0,0
1598417343,s1-eth2,149184.00,6110504.00,6259688.00,6110504,149184,2016.00,4036.00,6052.00,4036,2016,0.00,0.00,0,0
1598417343,s1-eth1,6110504.00,149332.00,6259836.00,149332,6110504,4036.00,2018.00,6054.00,2018,4036,0.00,0.00,0,0
1598417343,s3,0.00,0.00,0.00,0,0,0.00,0.00,0.00,0,0,0.00,0.00,0,0
1598417343,s2-eth2,149258.00,6108990.00,6258248.00,6108990,149258,2017.00,4035.00,6052.00,4035,2017,0.00,0.00,0,0
1598417343,s2-eth1,6110504.00,149184.00,6259688.00,149184,6110504,4036.00,2016.00,6052.00,2016,4036,0.00,0.00,0,0
1598417343,lo,0.00,0.00,0.00,0,0,0.00,0.00,0.00,0,0,0.00,0.00,0,0
1598417343,s3-eth2,149184.00,6110504.00,6259688.00,6110504,149184,2016.00,4036.00,6052.00,4036,2016,0.00,0.00,0,0
1598417343,s3-eth1,6108990.00,149258.00,6258248.00,149258,6108990,4035.00,2017.00,6052.00,2017,4035,0.00,0.00,0,0
1598417343,total,18777624.00,18777772.00,37555396.00,18777772,18777624,18156.00,18158.00,36314.00,18158,18156,0.00,0.00,0,0
1598417344,s1,0.00,0.00,0.00,0,0,0.00,0.00,0.00,0,0,0.00,0.00,0,0
1598417344,eth0,0.00,0.00,0.00,0,0,0.00,0.00,0.00,0,0,0.00,0.00,0,0
1598417344,eth1,0.00,0.00,0.00,0,0,0.00,0.00,0.00,0,0,0.00,0.00,0,0
1598417344,s2,0.00,0.00,0.00,0,0,0.00,0.00,0.00,0,0,0.00,0.00,0,0
1598417344,s1-eth2,150072.00,6139270.00,6289342.00,6139270,150072,2028.00,4055.00,6083.00,4055,2028,0.00,0.00,0,0
1598417344,s1-eth1,6137756.00,149998.00,6287754.00,149998,6137756,4054.00,2027.00,6081.00,2027,4054,0.00,0.00,0,0
1598417344,s3,0.00,0.00,0.00,0,0,0.00,0.00,0.00,0,0,0.00,0.00,0,0
1598417344,s2-eth2,149998.00,6139270.00,6289268.00,6139270,149998,2027.00,4055.00,6082.00,4055,2027,0.00,0.00,0,0
1598417344,s2-eth1,6139270.00,150072.00,6289342.00,150072,6139270,4055.00,2028.00,6083.00,2028,4055,0.00,0.00,0,0
1598417344,lo,0.00,0.00,0.00,0,0,0.00,0.00,0.00,0,0,0.00,0.00,0,0
1598417344,s3-eth2,149998.00,6139270.00,6289268.00,6139270,149998,2027.00,4055.00,6082.00,4055,2027,0.00,0.00,0,0
1598417344,s3-eth1,6139270.00,149998.00,6289268.00,149998,6139270,4055.00,2027.00,6082.00,2027,4055,0.00,0.00,0,0
1598417344,total,18866364.00,18867878.00,37734240.00,18867878,18866364,18246.00,18247.00,36493.00,18247,18246,0.00,0.00,0,0
1598417345,s1,0.00,0.00,0.00,0,0,0.00,0.00,0.00,0,0,0.00,0.00,0,0
1598417345,eth0,0.00,0.00,0.00,0,0,0.00,0.00,0.00,0,0,0.00,0.00,0,0
1598417345,eth1,0.00,0.00,0.00,0,0,0.00,0.00,0.00,0,0,0.00,0.00,0,0
1598417345,s2,0.00,0.00,0.00,0,0,0.00,0.00,0.00,0,0,0.00,0.00,0,0
1598417345,s1-eth2,149628.00,6121102.00,6270730.00,6121102,149628,2022.00,4043.00,6065.00,4043,2022,0.00,0.00,0,0
1598417345,s1-eth1,6122616.00,149628.00,6272244.00,149628,6122616,4044.00,2022.00,6066.00,2022,4044,0.00,0.00,0,0
1598417345,s3,0.00,0.00,0.00,0,0,0.00,0.00,0.00,0,0,0.00,0.00,0,0
1598417345,s2-eth2,149628.00,6122616.00,6272244.00,6122616,149628,2022.00,4044.00,6066.00,4044,2022,0.00,0.00,0,0
1598417345,s2-eth1,6121102.00,149628.00,6270730.00,149628,6121102,4043.00,2022.00,6065.00,2022,4043,0.00,0.00,0,0
1598417345,lo,0.00,0.00,0.00,0,0,0.00,0.00,0.00,0,0,0.00,0.00,0,0
1598417345,s3-eth2,149776.00,6122616.00,6272392.00,6122616,149776,2024.00,4044.00,6068.00,4044,2024,0.00,0.00,0,0
1598417345,s3-eth1,6122616.00,149628.00,6272244.00,149628,6122616,4044.00,2022.00,6066.00,2022,4044,0.00,0.00,0,0
1598417345,total,18815366.00,18815218.00,37630584.00,18815218,18815366,18199.00,18197.00,36396.00,18197,18199,0.00,0.00,0,0
1598417346,s1,0.00,0.00,0.00,0,0,0.00,0.00,0.00,0,0,0.00,0.00,0,0
1598417346,eth0,0.00,0.00,0.00,0,0,0.00,0.00,0.00,0,0,0.00,0.00,0,0
1598417346,eth1,0.00,0.00,0.00,0,0,0.00,0.00,0.00,0,0,0.00,0.00,0,0
1598417346,s2,0.00,0.00,0.00,0,0,0.00,0.00,0.00,0,0,0.00,0.00,0,0
1598417346,s1-eth2,113368.00,4632840.00,4746208.00,4632840,113368,1532.00,3060.00,4592.00,3060,1532,0.00,0.00,0,0
1598417346,s1-eth1,4635868.00,113368.00,4749236.00,113368,4635868,3062.00,1532.00,4594.00,1532,3062,0.00,0.00,0,0
1598417346,s3,0.00,0.00,0.00,0,0,0.00,0.00,0.00,0,0,0.00,0.00,0,0
1598417346,s2-eth2,113442.00,4631326.00,4744768.00,4631326,113442,1533.00,3059.00,4592.00,3059,1533,0.00,0.00,0,0
1598417346,s2-eth1,4632840.00,113368.00,4746208.00,113368,4632840,3060.00,1532.00,4592.00,1532,3060,0.00,0.00,0,0
1598417346,lo,344.00,344.00,688.00,344,344,6.00,6.00,12.00,6,6,0.00,0.00,0,0
1598417346,s3-eth2,113442.00,4610130.00,4723572.00,4610130,113442,1533.00,3045.00,4578.00,3045,1533,0.00,0.00,0,0
1598417346,s3-eth1,4631326.00,113442.00,4744768.00,113442,4631326,3059.00,1533.00,4592.00,1533,3059,0.00,0.00,0,0
1598417346,total,14240630.00,14214818.00,28455448.00,14214818,14240630,13785.00,13767.00,27552.00,13767,13785,0.00,0.00,0,0
1598417347,s1,0.00,0.00,0.00,0,0,0.00,0.00,0.00,0,0,0.00,0.00,0,0
1598417347,eth0,149.00,145.00,294.00,145,149,2.00,2.00,4.00,2,2,0.00,0.00,0,0
1598417347,eth1,0.00,0.00,0.00,0,0,0.00,0.00,0.00,0,0,0.00,0.00,0,0
1598417347,s2,0.00,0.00,0.00,0,0,0.00,0.00,0.00,0,0,0.00,0.00,0,0
1598417347,s1-eth2,93240.00,3785000.00,3878240.00,3785000,93240,1260.00,2500.00,3760.00,2500,1260,0.00,0.00,0,0
1598417347,s1-eth1,3772888.00,92648.00,3865536.00,92648,3772888,2492.00,1252.00,3744.00,1252,2492,0.00,0.00,0,0
1598417347,s3,0.00,0.00,0.00,0,0,0.00,0.00,0.00,0,0,0.00,0.00,0,0
1598417347,s2-eth2,94276.00,3785000.00,3879276.00,3785000,94276,1274.00,2500.00,3774.00,2500,1274,0.00,0.00,0,0
1598417347,s2-eth1,3785000.00,93240.00,3878240.00,93240,3785000,2500.00,1260.00,3760.00,1260,2500,0.00,0.00,0,0
1598417347,lo,172.00,172.00,344.00,172,172,3.00,3.00,6.00,3,3,0.00,0.00,0,0
1598417347,s3-eth2,94794.00,3803168.00,3897962.00,3803168,94794,1281.00,2512.00,3793.00,2512,1281,0.00,0.00,0,0
1598417347,s3-eth1,3785000.00,94276.00,3879276.00,94276,3785000,2500.00,1274.00,3774.00,1274,2500,0.00,0.00,0,0
1598417347,total,11625519.00,11653649.00,23279168.00,11653649,11625519,11312.00,11303.00,22615.00,11303,11312,0.00,0.00,0,0
1598417348,s1,0.00,342.00,342.00,342,0,0.00,1.00,1.00,1,0,0.00,0.00,0,0
1598417348,eth0,406.00,373.00,779.00,373,406,5.00,5.00,10.00,5,5,0.00,0.00,0,0
1598417348,eth1,0.00,0.00,0.00,0,0,0.00,0.00,0.00,0,0,0.00,0.00,0,0
1598417348,s2,0.00,342.00,342.00,342,0,0.00,1.00,1.00,1,0,0.00,0.00,0,0
1598417348,s1-eth2,78350.00,3184284.00,3262634.00,3184284,78350,1055.00,2104.00,3159.00,2104,1055,0.00,0.00,0,0
1598417348,s1-eth1,3196396.00,78452.00,3274848.00,78452,3196396,2112.00,1060.00,3172.00,1060,2112,0.00,0.00,0,0
1598417348,s3,0.00,342.00,342.00,342,0,0.00,1.00,1.00,1,0,0.00,0.00,0,0
1598417348,s2-eth2,77684.00,3174858.00,3252542.00,3174858,77684,1046.00,2097.00,3143.00,2097,1046,0.00,0.00,0,0
1598417348,s2-eth1,3184284.00,78350.00,3262634.00,78350,3184284,2104.00,1055.00,3159.00,1055,2104,0.00,0.00,0,0
1598417348,lo,978.00,978.00,1956.00,978,978,9.00,9.00,18.00,9,9,0.00,0.00,0,0
1598417348,s3-eth2,77684.00,3144578.00,3222262.00,3144578,77684,1046.00,2077.00,3123.00,2077,1046,0.00,0.00,0,0
1598417348,s3-eth1,3174858.00,77684.00,3252542.00,77684,3174858,2097.00,1046.00,3143.00,1046,2097,0.00,0.00,0,0
1598417348,total,9790640.00,9740583.00,19531224.00,9740583,9790640,9474.00,9456.00,18930.00,9456,9474,0.00,0.00,0,0
1598417349,s1,0.00,214.00,214.00,214,0,0.00,2.00,2.00,2,0,0.00,0.00,0,0
1598417349,eth0,0.00,0.00,0.00,0,0,0.00,0.00,0.00,0,0,0.00,0.00,0,0
1598417349,eth1,0.00,0.00,0.00,0,0,0.00,0.00,0.00,0,0,0.00,0.00,0,0
1598417349,s2,0.00,214.00,214.00,214,0,0.00,2.00,2.00,2,0,0.00,0.00,0,0
1598417349,s1-eth2,118285.00,4835930.00,4954215.00,4835930,118285,1598.00,3196.00,4794.00,3196,1598,0.00,0.00,0,0
1598417349,s1-eth1,4849663.00,118326.00,4967989.00,118326,4849663,3206.00,1599.00,4805.00,1599,3206,0.00,0.00,0,0
1598417349,s3,0.00,214.00,214.00,214,0,0.00,2.00,2.00,2,0,0.00,0.00,0,0
1598417349,s2-eth2,117948.00,4813113.00,4931061.00,4813113,117948,1593.00,3180.00,4773.00,3180,1593,0.00,0.00,0,0
1598417349,s2-eth1,4835930.00,118285.00,4954215.00,118285,4835930,3196.00,1598.00,4794.00,1598,3196,0.00,0.00,0,0
1598417349,lo,1830.00,1830.00,3660.00,1830,1830,18.00,18.00,36.00,18,18,0.00,0.00,0,0
1598417349,s3-eth2,117282.00,4822090.00,4939372.00,4822090,117282,1584.00,3185.00,4769.00,3185,1584,0.00,0.00,0,0
1598417349,s3-eth1,4813113.00,117948.00,4931061.00,117948,4813113,3180.00,1593.00,4773.00,1593,3180,0.00,0.00,0,0
1598417349,total,14854051.00,14828164.00,29682216.00,14828164,14854051,14375.00,14375.00,28750.00,14375,14375,0.00,0.00,0,0
1598417350,s1,0.00,0.00,0.00,0,0,0.00,0.00,0.00,0,0,0.00,0.00,0,0
1598417350,eth0,119.76,119.76,239.52,120,120,2.00,2.00,3.99,2,2,0.00,0.00,0,0
1598417350,eth1,0.00,0.00,0.00,0,0,0.00,0.00,0.00,0,0,0.00,0.00,0,0
1598417350,s2,0.00,0.00,0.00,0,0,0.00,0.00,0.00,0,0,0.00,0.00,0,0
1598417350,s1-eth2,130275.45,5323176.00,5453451.00,5333822,130536,1760.48,3515.97,5276.45,3523,1764,0.00,0.00,0,0
1598417350,s1-eth1,5309577.00,130127.75,5439704.50,130388,5320196,3506.99,1758.48,5265.47,1762,3514,0.00,0.00,0,0
1598417350,s3,0.00,0.00,0.00,0,0,0.00,0.00,0.00,0,0,0.00,0.00,0,0
1598417350,s2-eth2,130570.86,5348862.50,5479433.50,5359560,130832,1764.47,3532.93,5297.41,3540,1768,0.00,0.00,0,0
1598417350,s2-eth1,5323176.00,130275.45,5453451.00,130536,5333822,3515.97,1760.48,5276.45,1764,3523,0.00,0.00,0,0
1598417350,lo,0.00,0.00,0.00,0,0,0.00,0.00,0.00,0,0,0.00,0.00,0,0
1598417350,s3-eth2,130973.05,5363972.00,5494945.50,5374700,131235,1769.46,3542.91,5312.38,3550,1773,0.00,0.00,0,0
1598417350,s3-eth1,5348862.50,130570.86,5479433.50,130832,5359560,3532.93,1764.47,5297.41,1768,3540,0.00,0.00,0,0
1598417350,total,16373554.00,16427104.00,32800660.00,16459958,16406301,15852.30,15877.25,31729.54,15909,15884,0.00,0.00,0,0
1598417351,s1,0.00,0.00,0.00,0,0,0.00,0.00,0.00,0,0,0.00,0.00,0,0
1598417351,eth0,0.00,0.00,0.00,0,0,0.00,0.00,0.00,0,0,0.00,0.00,0,0
1598417351,eth1,0.00,0.00,0.00,0,0,0.00,0.00,0.00,0,0,0.00,0.00,0,0
1598417351,s2,0.00,0.00,0.00,0,0,0.00,0.00,0.00,0,0,0.00,0.00,0,0
1598417351,s1-eth2,107495.52,4359354.00,4466849.50,4372432,107818,1452.64,2879.36,4332.00,2888,1457,0.00,0.00,0,0
1598417351,s1-eth1,4368411.00,107200.40,4475611.00,107522,4381516,2885.34,1448.65,4334.00,1453,2894,0.00,0.00,0,0
1598417351,s3,0.00,0.00,0.00,0,0,0.00,0.00,0.00,0,0,0.00,0.00,0,0
1598417351,s2-eth2,107716.85,4363882.50,4471599.00,4376974,108040,1455.63,2882.35,4337.99,2891,1460,0.00,0.00,0,0
1598417351,s2-eth1,4359354.00,107495.52,4466849.50,107818,4372432,2879.36,1452.64,4332.00,1457,2888,0.00,0.00,0,0
1598417351,lo,0.00,0.00,0.00,0,0,0.00,0.00,0.00,0,0,0.00,0.00,0,0
1598417351,s3-eth2,108085.74,4360863.50,4468949.00,4373946,108410,1460.62,2880.36,4340.98,2889,1465,0.00,0.00,0,0
1598417351,s3-eth1,4363882.50,107716.85,4471599.00,108040,4376974,2882.35,1455.63,4337.99,1460,2891,0.00,0.00,0,0
1598417351,total,13414945.00,13406513.00,26821458.00,13446732,13455190,13015.95,12999.00,26014.96,13038,13055,0.00,0.00,0,0
1598417352,s1,0.00,0.00,0.00,0,0,0.00,0.00,0.00,0,0,0.00,0.00,0,0
1598417352,eth0,0.00,0.00,0.00,0,0,0.00,0.00,0.00,0,0,0.00,0.00,0,0
1598417352,eth1,0.00,0.00,0.00,0,0,0.00,0.00,0.00,0,0,0.00,0.00,0,0
1598417352,s2,0.00,0.00,0.00,0,0,0.00,0.00,0.00,0,0,0.00,0.00,0,0
1598417352,s1-eth2,101676.00,4214976.00,4316652.00,4214976,101676,1374.00,2784.00,4158.00,2784,1374,0.00,0.00,0,0
1598417352,s1-eth1,4207406.00,102120.00,4309526.00,102120,4207406,2779.00,1380.00,4159.00,1380,2779,0.00,0.00,0,0
1598417352,s3,0.00,0.00,0.00,0,0,0.00,0.00,0.00,0,0,0.00,0.00,0,0
1598417352,s2-eth2,101232.00,4210434.00,4311666.00,4210434,101232,1368.00,2781.00,4149.00,2781,1368,0.00,0.00,0,0
1598417352,s2-eth1,4214976.00,101676.00,4316652.00,101676,4214976,2784.00,1374.00,4158.00,1374,2784,0.00,0.00,0,0
1598417352,lo,0.00,0.00,0.00,0,0,0.00,0.00,0.00,0,0,0.00,0.00,0,0
1598417352,s3-eth2,100862.00,4198322.00,4299184.00,4198322,100862,1363.00,2773.00,4136.00,2773,1363,0.00,0.00,0,0
1598417352,s3-eth1,4210434.00,101232.00,4311666.00,101232,4210434,2781.00,1368.00,4149.00,1368,2781,0.00,0.00,0,0
1598417352,total,12936586.00,12928760.00,25865346.00,12928760,12936586,12449.00,12460.00,24909.00,12460,12449,0.00,0.00,0,0
1598417353,s1,0.00,0.00,0.00,0,0,0.00,0.00,0.00,0,0,0.00,0.00,0,0
1598417353,eth0,0.00,0.00,0.00,0,0,0.00,0.00,0.00,0,0,0.00,0.00,0,0
1598417353,eth1,0.00,0.00,0.00,0,0,0.00,0.00,0.00,0,0,0.00,0.00,0,0
1598417353,s2,0.00,0.00,0.00,0,0,0.00,0.00,0.00,0,0,0.00,0.00,0,0
1598417353,s1-eth2,135494.00,5550324.00,5685818.00,5550324,135494,1831.00,3666.00,5497.00,3666,1831,0.00,0.00,0,0
1598417353,s1-eth1,5547296.00,135494.00,5682790.00,135494,5547296,3664.00,1831.00,5495.00,1831,3664,0.00,0.00,0,0
1598417353,s3,0.00,0.00,0.00,0,0,0.00,0.00,0.00,0,0,0.00,0.00,0,0
1598417353,s2-eth2,135642.00,5548810.00,5684452.00,5548810,135642,1833.00,3665.00,5498.00,3665,1833,0.00,0.00,0,0
1598417353,s2-eth1,5550324.00,135494.00,5685818.00,135494,5550324,3666.00,1831.00,5497.00,1831,3666,0.00,0.00,0,0
1598417353,lo,0.00,0.00,0.00,0,0,0.00,0.00,0.00,0,0,0.00,0.00,0,0
1598417353,s3-eth2,135568.00,5557894.00,5693462.00,5557894,135568,1832.00,3671.00,5503.00,3671,1832,0.00,0.00,0,0
1598417353,s3-eth1,5548810.00,135642.00,5684452.00,135642,5548810,3665.00,1833.00,5498.00,1833,3665,0.00,0.00,0,0
1598417353,total,17053134.00,17063658.00,34116792.00,17063658,17053134,16491.00,16497.00,32988.00,16497,16491,0.00,0.00,0,0
1598417354,s1,0.00,342.00,342.00,342,0,0.00,1.00,1.00,1,0,0.00,0.00,0,0
1598417354,eth0,313.00,313.00,626.00,313,313,4.00,4.00,8.00,4,4,0.00,0.00,0,0
1598417354,eth1,0.00,0.00,0.00,0,0,0.00,0.00,0.00,0,0,0.00,0.00,0,0
1598417354,s2,0.00,342.00,342.00,342,0,0.00,1.00,1.00,1,0,0.00,0.00,0,0
1598417354,s1-eth2,136794.00,5579474.00,5716268.00,5579474,136794,1849.00,3687.00,5536.00,3687,1849,0.00,0.00,0,0
1598417354,s1-eth1,5580988.00,136572.00,5717560.00,136572,5580988,3688.00,1846.00,5534.00,1846,3688,0.00,0.00,0,0
1598417354,s3,0.00,0.00,0.00,0,0,0.00,0.00,0.00,0,0,0.00,0.00,0,0
1598417354,s2-eth2,136646.00,5584016.00,5720662.00,5584016,136646,1847.00,3690.00,5537.00,3690,1847,0.00,0.00,0,0
1598417354,s2-eth1,5579474.00,136794.00,5716268.00,136794,5579474,3687.00,1849.00,5536.00,1849,3687,0.00,0.00,0,0
1598417354,lo,1540.00,1540.00,3080.00,1540,1540,15.00,15.00,30.00,15,15,0.00,0.00,0,0
1598417354,s3-eth2,136720.00,5588216.00,5724936.00,5588216,136720,1848.00,3692.00,5540.00,3692,1848,0.00,0.00,0,0
1598417354,s3-eth1,5584016.00,136646.00,5720662.00,136646,5584016,3690.00,1847.00,5537.00,1847,3690,0.00,0.00,0,0
1598417354,total,17156492.00,17164256.00,34320744.00,17164255,17156491,16628.00,16632.00,33260.00,16632,16628,0.00,0.00,0,0
1598417355,s1,0.00,0.00,0.00,0,0,0.00,0.00,0.00,0,0,0.00,0.00,0,0
1598417355,eth0,0.00,0.00,0.00,0,0,0.00,0.00,0.00,0,0,0.00,0.00,0,0
1598417355,eth1,0.00,0.00,0.00,0,0,0.00,0.00,0.00,0,0,0.00,0.00,0,0
1598417355,s2,0.00,0.00,0.00,0,0,0.00,0.00,0.00,0,0,0.00,0.00,0,0
1598417355,s1-eth2,136678.00,5591202.00,5727880.00,5591202,136678,1847.00,3693.00,5540.00,3693,1847,0.00,0.00,0,0
1598417355,s1-eth1,5596086.00,136752.00,5732838.00,136752,5596086,3697.00,1848.00,5545.00,1848,3697,0.00,0.00,0,0
1598417355,s3,0.00,0.00,0.00,0,0,0.00,0.00,0.00,0,0,0.00,0.00,0,0
1598417355,s2-eth2,136752.00,5592716.00,5729468.00,5592716,136752,1848.00,3694.00,5542.00,3694,1848,0.00,0.00,0,0
1598417355,s2-eth1,5591202.00,136678.00,5727880.00,136678,5591202,3693.00,1847.00,5540.00,1847,3693,0.00,0.00,0,0
1598417355,lo,0.00,0.00,0.00,0,0,0.00,0.00,0.00,0,0,0.00,0.00,0,0
1598417355,s3-eth2,136678.00,5592716.00,5729394.00,5592716,136678,1847.00,3694.00,5541.00,3694,1847,0.00,0.00,0,0
1598417355,s3-eth1,5592716.00,136752.00,5729468.00,136752,5592716,3694.00,1848.00,5542.00,1848,3694,0.00,0.00,0,0
1598417355,total,17190112.00,17186816.00,34376928.00,17186816,17190112,16626.00,16624.00,33250.00,16624,16626,0.00,0.00,0,0
1598417356,s1,0.00,0.00,0.00,0,0,0.00,0.00,0.00,0,0,0.00,0.00,0,0
1598417356,eth0,0.00,0.00,0.00,0,0,0.00,0.00,0.00,0,0,0.00,0.00,0,0
1598417356,eth1,0.00,0.00,0.00,0,0,0.00,0.00,0.00,0,0,0.00,0.00,0,0
1598417356,s2,0.00,342.00,342.00,342,0,0.00,1.00,1.00,1,0,0.00,0.00,0,0
1598417356,s1-eth2,140794.00,5763798.00,5904592.00,5763798,140794,1899.00,3807.00,5706.00,3807,1899,0.00,0.00,0,0
1598417356,s1-eth1,5757742.00,140526.00,5898268.00,140526,5757742,3803.00,1899.00,5702.00,1899,3803,0.00,0.00,0,0
1598417356,s3,0.00,684.00,684.00,684,0,0.00,2.00,2.00,2,0,0.00,0.00,0,0
1598417356,s2-eth2,141062.00,5765312.00,5906374.00,5765312,141062,1899.00,3808.00,5707.00,3808,1899,0.00,0.00,0,0
1598417356,s2-eth1,5763798.00,140794.00,5904592.00,140794,5763798,3807.00,1899.00,5706.00,1899,3807,0.00,0.00,0,0
1598417356,lo,978.00,978.00,1956.00,978,978,9.00,9.00,18.00,9,9,0.00,0.00,0,0
1598417356,s3-eth2,140988.00,5766826.00,5907814.00,5766826,140988,1898.00,3809.00,5707.00,3809,1898,0.00,0.00,0,0
1598417356,s3-eth1,5765312.00,141062.00,5906374.00,141062,5765312,3808.00,1899.00,5707.00,1899,3808,0.00,0.00,0,0
1598417356,total,17710674.00,17720322.00,35430996.00,17720322,17710674,17123.00,17133.00,34256.00,17133,17123,0.00,0.00,0,0
1598417357,s1,0.00,342.00,342.00,342,0,0.00,1.00,1.00,1,0,0.00,0.00,0,0
1598417357,eth0,0.00,0.00,0.00,0,0,0.00,0.00,0.00,0,0,0.00,0.00,0,0
1598417357,eth1,0.00,0.00,0.00,0,0,0.00,0.00,0.00,0,0,0.00,0.00,0,0
1598417357,s2,0.00,0.00,0.00,0,0,0.00,0.00,0.00,0,0,0.00,0.00,0,0
1598417357,s1-eth2,146372.00,5994268.00,6140640.00,5994268,146372,1978.00,3960.00,5938.00,3960,1978,0.00,0.00,0,0
1598417357,s1-eth1,5994268.00,146446.00,6140714.00,146446,5994268,3960.00,1979.00,5939.00,1979,3960,0.00,0.00,0,0
1598417357,s3,0.00,0.00,0.00,0,0,0.00,0.00,0.00,0,0,0.00,0.00,0,0
1598417357,s2-eth2,146298.00,5993926.00,6140224.00,5993926,146298,1977.00,3959.00,5936.00,3959,1977,0.00,0.00,0,0
1598417357,s2-eth1,5994268.00,146372.00,6140640.00,146372,5994268,3960.00,1978.00,5938.00,1978,3960,0.00,0.00,0,0
1598417357,lo,326.00,326.00,652.00,326,326,3.00,3.00,6.00,3,3,0.00,0.00,0,0
1598417357,s3-eth2,146492.00,5998468.00,6144960.00,5998468,146492,1976.00,3962.00,5938.00,3962,1976,0.00,0.00,0,0
1598417357,s3-eth1,5993926.00,146298.00,6140224.00,146298,5993926,3959.00,1977.00,5936.00,1977,3959,0.00,0.00,0,0
1598417357,total,18421950.00,18426446.00,36848396.00,18426446,18421950,17813.00,17819.00,35632.00,17819,17813,0.00,0.00,0,0
1598417358,s1,0.00,0.00,0.00,0,0,0.00,0.00,0.00,0,0,0.00,0.00,0,0
1598417358,eth0,0.00,0.00,0.00,0,0,0.00,0.00,0.00,0,0,0.00,0.00,0,0
1598417358,eth1,0.00,0.00,0.00,0,0,0.00,0.00,0.00,0,0,0.00,0.00,0,0
1598417358,s2,0.00,0.00,0.00,0,0,0.00,0.00,0.00,0,0,0.00,0.00,0,0
1598417358,s1-eth2,150442.00,6152896.00,6303338.00,6152896,150442,2033.00,4064.00,6097.00,4064,2033,0.00,0.00,0,0
1598417358,s1-eth1,6151382.00,150516.00,6301898.00,150516,6151382,4063.00,2034.00,6097.00,2034,4063,0.00,0.00,0,0
1598417358,s3,0.00,0.00,0.00,0,0,0.00,0.00,0.00,0,0,0.00,0.00,0,0
1598417358,s2-eth2,150442.00,6154410.00,6304852.00,6154410,150442,2033.00,4065.00,6098.00,4065,2033,0.00,0.00,0,0
1598417358,s2-eth1,6152896.00,150442.00,6303338.00,150442,6152896,4064.00,2033.00,6097.00,2033,4064,0.00,0.00,0,0
1598417358,lo,0.00,0.00,0.00,0,0,0.00,0.00,0.00,0,0,0.00,0.00,0,0
1598417358,s3-eth2,150516.00,6154410.00,6304926.00,6154410,150516,2034.00,4065.00,6099.00,4065,2034,0.00,0.00,0,0
1598417358,s3-eth1,6154410.00,150442.00,6304852.00,150442,6154410,4065.00,2033.00,6098.00,2033,4065,0.00,0.00,0,0
1598417358,total,18910088.00,18913116.00,37823204.00,18913116,18910088,18292.00,18294.00,36586.00,18294,18292,0.00,0.00,0,0
1598417359,s1,0.00,0.00,0.00,0,0,0.00,0.00,0.00,0,0,0.00,0.00,0,0
1598417359,eth0,0.00,0.00,0.00,0,0,0.00,0.00,0.00,0,0,0.00,0.00,0,0
1598417359,eth1,0.00,0.00,0.00,0,0,0.00,0.00,0.00,0,0,0.00,0.00,0,0
1598417359,s2,0.00,0.00,0.00,0,0,0.00,0.00,0.00,0,0,0.00,0.00,0,0
1598417359,s1-eth2,148074.00,6065084.00,6213158.00,6065084,148074,2001.00,4006.00,6007.00,4006,2001,0.00,0.00,0,0
1598417359,s1-eth1,6063570.00,148074.00,6211644.00,148074,6063570,4005.00,2001.00,6006.00,2001,4005,0.00,0.00,0,0
1598417359,s3,0.00,0.00,0.00,0,0,0.00,0.00,0.00,0,0,0.00,0.00,0,0
1598417359,s2-eth2,148222.00,6063570.00,6211792.00,6063570,148222,2003.00,4005.00,6008.00,4005,2003,0.00,0.00,0,0
1598417359,s2-eth1,6065084.00,148074.00,6213158.00,148074,6065084,4006.00,2001.00,6007.00,2001,4006,0.00,0.00,0,0
1598417359,lo,0.00,0.00,0.00,0,0,0.00,0.00,0.00,0,0,0.00,0.00,0,0
1598417359,s3-eth2,148148.00,6065084.00,6213232.00,6065084,148148,2002.00,4006.00,6008.00,4006,2002,0.00,0.00,0,0
1598417359,s3-eth1,6063570.00,148222.00,6211792.00,148222,6063570,4005.00,2003.00,6008.00,2003,4005,0.00,0.00,0,0
1598417359,total,18636668.00,18638108.00,37274776.00,18638108,18636668,18022.00,18022.00,36044.00,18022,18022,0.00,0.00,0,0
1598417360,s1,0.00,0.00,0.00,0,0,0.00,0.00,0.00,0,0,0.00,0.00,0,0
1598417360,eth0,433.00,433.00,866.00,433,433,6.00,6.00,12.00,6,6,0.00,0.00,0,0
1598417360,eth1,0.00,0.00,0.00,0,0,0.00,0.00,0.00,0,0,0.00,0.00,0,0
1598417360,s2,0.00,0.00,0.00,0,0,0.00,0.00,0.00,0,0,0.00,0.00,0,0
1598417360,s1-eth2,150442.00,6154410.00,6304852.00,6154410,150442,2033.00,4065.00,6098.00,4065,2033,0.00,0.00,0,0
1598417360,s1-eth1,6155924.00,150368.00,6306292.00,150368,6155924,4066.00,2032.00,6098.00,2032,4066,0.00,0.00,0,0
1598417360,s3,0.00,0.00,0.00,0,0,0.00,0.00,0.00,0,0,0.00,0.00,0,0
1598417360,s2-eth2,150368.00,6155924.00,6306292.00,6155924,150368,2032.00,4066.00,6098.00,4066,2032,0.00,0.00,0,0
1598417360,s2-eth1,6154410.00,150442.00,6304852.00,150442,6154410,4065.00,2033.00,6098.00,2033,4065,0.00,0.00,0,0
1598417360,lo,0.00,0.00,0.00,0,0,0.00,0.00,0.00,0,0,0.00,0.00,0,0
1598417360,s3-eth2,150442.00,6155924.00,6306366.00,6155924,150442,2033.00,4066.00,6099.00,4066,2033,0.00,0.00,0,0
1598417360,s3-eth1,6155924.00,150368.00,6306292.00,150368,6155924,4066.00,2032.00,6098.00,2032,4066,0.00,0.00,0,0
1598417360,total,18917944.00,18917868.00,37835812.00,18917869,18917943,18301.00,18300.00,36601.00,18300,18301,0.00,0.00,0,0
1598417361,s1,0.00,0.00,0.00,0,0,0.00,0.00,0.00,0,0,0.00,0.00,0,0
1598417361,eth0,2732.00,5599.00,8331.00,5599,2732,13.00,15.00,28.00,15,13,0.00,0.00,0,0
1598417361,eth1,0.00,0.00,0.00,0,0,0.00,0.00,0.00,0,0,0.00,0.00,0,0
1598417361,s2,0.00,0.00,0.00,0,0,0.00,0.00,0.00,0,0,0.00,0.00,0,0
1598417361,s1-eth2,149110.00,6098392.00,6247502.00,6098392,149110,2015.00,4028.00,6043.00,4028,2015,0.00,0.00,0,0
1598417361,s1-eth1,6098392.00,149110.00,6247502.00,149110,6098392,4028.00,2015.00,6043.00,2015,4028,0.00,0.00,0,0
1598417361,s3,0.00,0.00,0.00,0,0,0.00,0.00,0.00,0,0,0.00,0.00,0,0
1598417361,s2-eth2,149036.00,6096878.00,6245914.00,6096878,149036,2014.00,4027.00,6041.00,4027,2014,0.00,0.00,0,0
1598417361,s2-eth1,6098392.00,149110.00,6247502.00,149110,6098392,4028.00,2015.00,6043.00,2015,4028,0.00,0.00,0,0
1598417361,lo,825.00,825.00,1650.00,825,825,10.00,10.00,20.00,10,10,0.00,0.00,0,0
1598417361,s3-eth2,148962.00,6098392.00,6247354.00,6098392,148962,2013.00,4028.00,6041.00,4028,2013,0.00,0.00,0,0
1598417361,s3-eth1,6096878.00,149036.00,6245914.00,149036,6096878,4027.00,2014.00,6041.00,2014,4027,0.00,0.00,0,0
1598417361,total,18744328.00,18747342.00,37491668.00,18747342,18744327,18148.00,18152.00,36300.00,18152,18148,0.00,0.00,0,0
1598417362,s1,0.00,0.00,0.00,0,0,0.00,0.00,0.00,0,0,0.00,0.00,0,0
1598417362,eth0,0.00,0.00,0.00,0,0,0.00,0.00,0.00,0,0,0.00,0.00,0,0
1598417362,eth1,0.00,0.00,0.00,0,0,0.00,0.00,0.00,0,0,0.00,0.00,0,0
1598417362,s2,0.00,0.00,0.00,0,0,0.00,0.00,0.00,0,0,0.00,0.00,0,0
1598417362,s1-eth2,144004.00,5900058.00,6044062.00,5900058,144004,1946.00,3897.00,5843.00,3897,1946,0.00,0.00,0,0
1598417362,s1-eth1,5897030.00,144078.00,6041108.00,144078,5897030,3895.00,1947.00,5842.00,1947,3895,0.00,0.00,0,0
1598417362,s3,0.00,0.00,0.00,0,0,0.00,0.00,0.00,0,0,0.00,0.00,0,0
1598417362,s2-eth2,144078.00,5901572.00,6045650.00,5901572,144078,1947.00,3898.00,5845.00,3898,1947,0.00,0.00,0,0
1598417362,s2-eth1,5900058.00,144004.00,6044062.00,144004,5900058,3897.00,1946.00,5843.00,1946,3897,0.00,0.00,0,0
1598417362,lo,172.00,172.00,344.00,172,172,3.00,3.00,6.00,3,3,0.00,0.00,0,0
1598417362,s3-eth2,144226.00,5897030.00,6041256.00,5897030,144226,1949.00,3895.00,5844.00,3895,1949,0.00,0.00,0,0
1598417362,s3-eth1,5901572.00,144078.00,6045650.00,144078,5901572,3898.00,1947.00,5845.00,1947,3898,0.00,0.00,0,0
1598417362,total,18131140.00,18130992.00,36262132.00,18130992,18131140,17535.00,17533.00,35068.00,17533,17535,0.00,0.00,0,0
1598417363,s1,0.00,0.00,0.00,0,0,0.00,0.00,0.00,0,0,0.00,0.00,0,0
1598417363,eth0,0.00,0.00,0.00,0,0,0.00,0.00,0.00,0,0,0.00,0.00,0,0
1598417363,eth1,0.00,0.00,0.00,0,0,0.00,0.00,0.00,0,0,0.00,0.00,0,0
1598417363,s2,0.00,0.00,0.00,0,0,0.00,0.00,0.00,0,0,0.00,0.00,0,0
1598417363,s1-eth2,145780.00,5960618.00,6106398.00,5960618,145780,1970.00,3937.00,5907.00,3937,1970,0.00,0.00,0,0
1598417363,s1-eth1,5962132.00,145706.00,6107838.00,145706,5962132,3938.00,1969.00,5907.00,1969,3938,0.00,0.00,0,0
1598417363,s3,0.00,0.00,0.00,0,0,0.00,0.00,0.00,0,0,0.00,0.00,0,0
1598417363,s2-eth2,145780.00,5959104.00,6104884.00,5959104,145780,1970.00,3936.00,5906.00,3936,1970,0.00,0.00,0,0
1598417363,s2-eth1,5960618.00,145780.00,6106398.00,145780,5960618,3937.00,1970.00,5907.00,1970,3937,0.00,0.00,0,0
1598417363,lo,0.00,0.00,0.00,0,0,0.00,0.00,0.00,0,0,0.00,0.00,0,0
1598417363,s3-eth2,145632.00,5962132.00,6107764.00,5962132,145632,1968.00,3938.00,5906.00,3938,1968,0.00,0.00,0,0
1598417363,s3-eth1,5959104.00,145780.00,6104884.00,145780,5959104,3936.00,1970.00,5906.00,1970,3936,0.00,0.00,0,0
1598417363,total,18319046.00,18319120.00,36638168.00,18319120,18319046,17719.00,17720.00,35439.00,17720,17719,0.00,0.00,0,0
1598417364,s1,0.00,0.00,0.00,0,0,0.00,0.00,0.00,0,0,0.00,0.00,0,0
1598417364,eth0,0.00,0.00,0.00,0,0,0.00,0.00,0.00,0,0,0.00,0.00,0,0
1598417364,eth1,0.00,0.00,0.00,0,0,0.00,0.00,0.00,0,0,0.00,0.00,0,0
1598417364,s2,0.00,0.00,0.00,0,0,0.00,0.00,0.00,0,0,0.00,0.00,0,0
1598417364,s1-eth2,142894.00,5845554.00,5988448.00,5845554,142894,1931.00,3861.00,5792.00,3861,1931,0.00,0.00,0,0
1598417364,s1-eth1,5847068.00,142968.00,5990036.00,142968,5847068,3862.00,1932.00,5794.00,1932,3862,0.00,0.00,0,0
1598417364,s3,0.00,0.00,0.00,0,0,0.00,0.00,0.00,0,0,0.00,0.00,0,0
1598417364,s2-eth2,143264.00,5845554.00,5988818.00,5845554,143264,1936.00,3861.00,5797.00,3861,1936,0.00,0.00,0,0
1598417364,s2-eth1,5845554.00,142894.00,5988448.00,142894,5845554,3861.00,1931.00,5792.00,1931,3861,0.00,0.00,0,0
1598417364,lo,0.00,0.00,0.00,0,0,0.00,0.00,0.00,0,0,0.00,0.00,0,0
1598417364,s3-eth2,143264.00,5842526.00,5985790.00,5842526,143264,1936.00,3859.00,5795.00,3859,1936,0.00,0.00,0,0
1598417364,s3-eth1,5845554.00,143264.00,5988818.00,143264,5845554,3861.00,1936.00,5797.00,1936,3861,0.00,0.00,0,0
1598417364,total,17967598.00,17962760.00,35930360.00,17962760,17967598,17387.00,17380.00,34767.00,17380,17387,0.00,0.00,0,0
1598417365,s1,0.00,860.00,860.00,860,0,0.00,6.00,6.00,6,0,0.00,0.00,0,0
1598417365,eth0,760.00,1225.00,1985.00,1225,760,10.00,10.00,20.00,10,10,0.00,0.00,0,0
1598417365,eth1,0.00,0.00,0.00,0,0,0.00,0.00,0.00,0,0,0.00,0.00,0,0
1598417365,s2,0.00,860.00,860.00,860,0,0.00,6.00,6.00,6,0,0.00,0.00,0,0
1598417365,s1-eth2,132212.00,5386158.00,5518370.00,5386158,132212,1782.00,3563.00,5345.00,3563,1782,0.00,0.00,0,0
1598417365,s1-eth1,5388234.00,131572.00,5519806.00,131572,5388234,3567.00,1778.00,5345.00,1778,3567,0.00,0.00,0,0
1598417365,s3,0.00,1202.00,1202.00,1202,0,0.00,7.00,7.00,7,0,0.00,0.00,0,0
1598417365,s2-eth2,132330.00,5387032.00,5519362.00,5387032,132330,1779.00,3560.00,5339.00,3560,1779,0.00,0.00,0,0
1598417365,s2-eth1,5386158.00,132212.00,5518370.00,132212,5386158,3563.00,1782.00,5345.00,1782,3563,0.00,0.00,0,0
1598417365,lo,7377.00,7377.00,14754.00,7377,7377,74.00,74.00,148.00,74,74,0.00,0.00,0,0
1598417365,s3-eth2,132934.00,5397410.00,5530344.00,5397410,132934,1783.00,3565.00,5348.00,3565,1783,0.00,0.00,0,0
1598417365,s3-eth1,5387032.00,132330.00,5519362.00,132330,5387032,3560.00,1779.00,5339.00,1779,3560,0.00,0.00,0,0
1598417365,total,16567037.00,16578238.00,33145276.00,16578238,16567037,16118.00,16130.00,32248.00,16130,16118,0.00,0.00,0,0
1598417366,s1,0.00,1167.00,1167.00,1167,0,0.00,9.00,9.00,9,0,0.00,0.00,0,0
1598417366,eth0,5600.00,8679.00,14279.00,8679,5600,61.00,60.00,121.00,60,61,0.00,0.00,0,0
1598417366,eth1,0.00,0.00,0.00,0,0,0.00,0.00,0.00,0,0,0.00,0.00,0,0
1598417366,s2,0.00,435.00,435.00,435,0,0.00,5.00,5.00,5,0,0.00,0.00,0,0
1598417366,s1-eth2,141327.00,5764965.00,5906292.00,5764965,141327,1909.00,3816.00,5725.00,3816,1909,0.00,0.00,0,0
1598417366,s1-eth1,5763529.00,140822.00,5904351.00,140822,5763529,3816.00,1903.00,5719.00,1903,3816,0.00,0.00,0,0
1598417366,s3,0.00,435.00,435.00,435,0,0.00,5.00,5.00,5,0,0.00,0.00,0,0
1598417366,s2-eth2,141479.00,5762362.00,5903841.00,5762362,141479,1911.00,3807.00,5718.00,3807,1911,0.00,0.00,0,0
1598417366,s2-eth1,5764965.00,141327.00,5906292.00,141327,5764965,3816.00,1909.00,5725.00,1909,3816,0.00,0.00,0,0
1598417366,lo,14245.00,14245.00,28490.00,14245,14245,146.00,146.00,292.00,146,146,0.00,0.00,0,0
1598417366,s3-eth2,141806.00,5765312.00,5907118.00,5765312,141806,1915.00,3808.00,5723.00,3808,1915,0.00,0.00,0,0
1598417366,s3-eth1,5762362.00,141479.00,5903841.00,141479,5762362,3807.00,1911.00,5718.00,1911,3807,0.00,0.00,0,0
1598417366,total,17735312.00,17741228.00,35476540.00,17741228,17735313,17381.00,17379.00,34760.00,17379,17381,0.00,0.00,0,0
1598417367,s1,0.00,2558.00,2558.00,2558,0,0.00,13.00,13.00,13,0,0.00,0.00,0,0
1598417367,eth0,4925.00,8022.00,12947.00,8022,4925,53.00,53.00,106.00,53,53,0.00,0.00,0,0
1598417367,eth1,0.00,0.00,0.00,0,0,0.00,0.00,0.00,0,0,0.00,0.00,0,0
1598417367,s2,0.00,3290.00,3290.00,3290,0,0.00,17.00,17.00,17,0,0.00,0.00,0,0
1598417367,s1-eth2,143418.00,5790580.00,5933998.00,5790580,143418,1921.00,3836.00,5757.00,3836,1921,0.00,0.00,0,0
1598417367,s1-eth1,5795042.00,141636.00,5936678.00,141636,5795042,3847.00,1914.00,5761.00,1914,3847,0.00,0.00,0,0
1598417367,s3,0.00,3290.00,3290.00,3290,0,0.00,17.00,17.00,17,0,0.00,0.00,0,0
1598417367,s2-eth2,144778.00,5787942.00,5932720.00,5787942,144778,1929.00,3831.00,5760.00,3831,1929,0.00,0.00,0,0
1598417367,s2-eth1,5790580.00,143418.00,5933998.00,143418,5790580,3836.00,1921.00,5757.00,1921,3836,0.00,0.00,0,0
1598417367,lo,22427.00,22427.00,44854.00,22427,22427,217.00,217.00,434.00,217,217,0.00,0.00,0,0
1598417367,s3-eth2,146560.00,5795592.00,5942152.00,5795592,146560,1936.00,3828.00,5764.00,3828,1936,0.00,0.00,0,0
1598417367,s3-eth1,5787942.00,144778.00,5932720.00,144778,5787942,3831.00,1929.00,5760.00,1929,3831,0.00,0.00,0,0
1598417367,total,17835672.00,17843532.00,35679204.00,17843533,17835672,17570.00,17576.00,35146.00,17576,17570,0.00,0.00,0,0
1598417368,s1,0.00,1982.00,1982.00,1982,0,0.00,7.00,7.00,7,0,0.00,0.00,0,0
1598417368,eth0,152.00,245.00,397.00,245,152,2.00,2.00,4.00,2,2,0.00,0.00,0,0
1598417368,eth1,0.00,0.00,0.00,0,0,0.00,0.00,0.00,0,0,0.00,0.00,0,0
1598417368,s2,0.00,1655.00,1655.00,1655,0,0.00,6.00,6.00,6,0,0.00,0.00,0,0
1598417368,s1-eth2,150015.00,6121570.00,6271585.00,6121570,150015,2021.00,4049.00,6070.00,4049,2021,0.00,0.00,0,0
1598417368,s1-eth1,6119930.00,149480.00,6269410.00,149480,6119930,4052.00,2020.00,6072.00,2020,4052,0.00,0.00,0,0
1598417368,s3,0.00,1997.00,1997.00,1997,0,0.00,7.00,7.00,7,0,0.00,0.00,0,0
1598417368,s2-eth2,151477.00,6122148.00,6273625.00,6122148,151477,2027.00,4047.00,6074.00,4047,2027,0.00,0.00,0,0
1598417368,s2-eth1,6121570.00,150015.00,6271585.00,150015,6121570,4049.00,2021.00,6070.00,2021,4049,0.00,0.00,0,0
1598417368,lo,6798.00,6798.00,13596.00,6798,6798,64.00,64.00,128.00,64,64,0.00,0.00,0,0
1598417368,s3-eth2,152226.00,6125644.00,6277870.00,6125644,152226,2030.00,4046.00,6076.00,4046,2030,0.00,0.00,0,0
1598417368,s3-eth1,6122148.00,151477.00,6273625.00,151477,6122148,4047.00,2027.00,6074.00,2027,4047,0.00,0.00,0,0
1598417368,total,18824316.00,18833012.00,37657328.00,18833011,18824316,18292.00,18296.00,36588.00,18296,18292,0.00,0.00,0,0
1598417369,s1,0.00,434.00,434.00,434,0,0.00,2.00,2.00,2,0,0.00,0.00,0,0
1598417369,eth0,0.00,0.00,0.00,0,0,0.00,0.00,0.00,0,0,0.00,0.00,0,0
1598417369,eth1,0.00,0.00,0.00,0,0,0.00,0.00,0.00,0,0,0.00,0.00,0,0
1598417369,s2,0.00,761.00,761.00,761,0,0.00,3.00,3.00,3,0,0.00,0.00,0,0
1598417369,s1-eth2,150876.00,6144246.00,6295122.00,6144246,150876,2035.00,4060.00,6095.00,4060,2035,0.00,0.00,0,0
1598417369,s1-eth1,6144573.00,150294.00,6294867.00,150294,6144573,4061.00,2031.00,6092.00,2031,4061,0.00,0.00,0,0
1598417369,s3,0.00,761.00,761.00,761,0,0.00,3.00,3.00,3,0,0.00,0.00,0,0
1598417369,s2-eth2,151129.00,6145653.00,6296782.00,6145653,151129,2035.00,4060.00,6095.00,4060,2035,0.00,0.00,0,0
1598417369,s2-eth1,6144246.00,150876.00,6295122.00,150876,6144246,4060.00,2035.00,6095.00,2035,4060,0.00,0.00,0,0
1598417369,lo,2545.00,2545.00,5090.00,2545,2545,24.00,24.00,48.00,24,24,0.00,0.00,0,0
1598417369,s3-eth2,151349.00,6145326.00,6296675.00,6145326,151349,2035.00,4059.00,6094.00,4059,2035,0.00,0.00,0,0
1598417369,s3-eth1,6145653.00,151129.00,6296782.00,151129,6145653,4060.00,2035.00,6095.00,2035,4060,0.00,0.00,0,0
1598417369,total,18890372.00,18892024.00,37782396.00,18892025,18890371,18310.00,18312.00,36622.00,18312,18310,0.00,0.00,0,0
1598417370,s1,0.00,771.00,771.00,771,0,0.00,4.00,4.00,4,0,0.00,0.00,0,0
1598417370,eth0,0.00,0.00,0.00,0,0,0.00,0.00,0.00,0,0,0.00,0.00,0,0
1598417370,eth1,0.00,0.00,0.00,0,0,0.00,0.00,0.00,0,0,0.00,0.00,0,0
1598417370,s2,0.00,444.00,444.00,444,0,0.00,3.00,3.00,3,0,0.00,0.00,0,0
1598417370,s1-eth2,149225.00,6108247.00,6257472.00,6108247,149225,2014.00,4038.00,6052.00,4038,2014,0.00,0.00,0,0
1598417370,s1-eth1,6106840.00,148962.00,6255802.00,148962,6106840,4038.00,2013.00,6051.00,2013,4038,0.00,0.00,0,0
1598417370,s3,0.00,444.00,444.00,444,0,0.00,3.00,3.00,3,0,0.00,0.00,0,0
1598417370,s2-eth2,149332.00,6106069.00,6255401.00,6106069,149332,2015.00,4034.00,6049.00,4034,2015,0.00,0.00,0,0
1598417370,s2-eth1,6108247.00,149225.00,6257472.00,149225,6108247,4038.00,2014.00,6052.00,2014,4038,0.00,0.00,0,0
1598417370,lo,3023.00,3023.00,6046.00,3023,3023,30.00,30.00,60.00,30,30,0.00,0.00,0,0
1598417370,s3-eth2,149883.00,6107476.00,6257359.00,6107476,149883,2019.00,4034.00,6053.00,4034,2019,0.00,0.00,0,0
1598417370,s3-eth1,6106069.00,149332.00,6255401.00,149332,6106069,4034.00,2015.00,6049.00,2015,4034,0.00,0.00,0,0
1598417370,total,18772620.00,18773992.00,37546612.00,18773993,18772619,18188.00,18188.00,36376.00,18188,18188,0.00,0.00,0,0
1598417371,s1,0.00,664.00,664.00,664,0,0.00,3.00,3.00,3,0,0.00,0.00,0,0
1598417371,eth0,313.00,313.00,626.00,313,313,4.00,4.00,8.00,4,4,0.00,0.00,0,0
1598417371,eth1,0.00,0.00,0.00,0,0,0.00,0.00,0.00,0,0,0.00,0.00,0,0
1598417371,s2,0.00,991.00,991.00,991,0,0.00,4.00,4.00,4,0,0.00,0.00,0,0
1598417371,s1-eth2,150547.00,6149018.00,6299565.00,6149018,150547,2031.00,4064.00,6095.00,4064,2031,0.00,0.00,0,0
1598417371,s1-eth1,6151196.00,150294.00,6301490.00,150294,6151196,4068.00,2031.00,6099.00,2031,4068,0.00,0.00,0,0
1598417371,s3,0.00,991.00,991.00,991,0,0.00,4.00,4.00,4,0,0.00,0.00,0,0
1598417371,s2-eth2,151211.00,6149018.00,6300229.00,6149018,151211,2034.00,4064.00,6098.00,4064,2034,0.00,0.00,0,0
1598417371,s2-eth1,6149018.00,150547.00,6299565.00,150547,6149018,4064.00,2031.00,6095.00,2031,4064,0.00,0.00,0,0
1598417371,lo,3412.00,3412.00,6824.00,3412,3412,33.00,33.00,66.00,33,33,0.00,0.00,0,0
1598417371,s3-eth2,151612.00,6149868.00,6301480.00,6149868,151612,2036.00,4062.00,6098.00,4062,2036,0.00,0.00,0,0
1598417371,s3-eth1,6149018.00,151211.00,6300229.00,151211,6149018,4064.00,2034.00,6098.00,2034,4064,0.00,0.00,0,0
1598417371,total,18906328.00,18906328.00,37812656.00,18906327,18906327,18334.00,18334.00,36668.00,18334,18334,0.00,0.00,0,0
1598417372,s1,0.00,0.00,0.00,0,0,0.00,0.00,0.00,0,0,0.00,0.00,0,0
1598417372,eth0,0.00,0.00,0.00,0,0,0.00,0.00,0.00,0,0,0.00,0.00,0,0
1598417372,eth1,0.00,0.00,0.00,0,0,0.00,0.00,0.00,0,0,0.00,0.00,0,0
1598417372,s2,0.00,0.00,0.00,0,0,0.00,0.00,0.00,0,0,0.00,0.00,0,0
1598417372,s1-eth2,150960.00,6177120.00,6328080.00,6177120,150960,2040.00,4080.00,6120.00,4080,2040,0.00,0.00,0,0
1598417372,s1-eth1,6177462.00,150960.00,6328422.00,150960,6177462,4081.00,2040.00,6121.00,2040,4081,0.00,0.00,0,0
1598417372,s3,0.00,342.00,342.00,342,0,0.00,1.00,1.00,1,0,0.00,0.00,0,0
1598417372,s2-eth2,151302.00,6177120.00,6328422.00,6177120,151302,2041.00,4080.00,6121.00,4080,2041,0.00,0.00,0,0
1598417372,s2-eth1,6177120.00,150960.00,6328080.00,150960,6177120,4080.00,2040.00,6120.00,2040,4080,0.00,0.00,0,0
1598417372,lo,326.00,326.00,652.00,326,326,3.00,3.00,6.00,3,3,0.00,0.00,0,0
1598417372,s3-eth2,151570.00,6177120.00,6328690.00,6177120,151570,2041.00,4080.00,6121.00,4080,2041,0.00,0.00,0,0
1598417372,s3-eth1,6177120.00,151302.00,6328422.00,151302,6177120,4080.00,2041.00,6121.00,2041,4080,0.00,0.00,0,0
1598417372,total,18985860.00,18985250.00,37971112.00,18985250,18985860,18366.00,18365.00,36731.00,18365,18366,0.00,0.00,0,0
1598417373,s1,0.00,107.00,107.00,107,0,0.00,1.00,1.00,1,0,0.00,0.00,0,0
1598417373,eth0,0.00,0.00,0.00,0,0,0.00,0.00,0.00,0,0,0.00,0.00,0,0
1598417373,eth1,0.00,0.00,0.00,0,0,0.00,0.00,0.00,0,0,0.00,0.00,0,0
1598417373,s2,0.00,449.00,449.00,449,0,0.00,2.00,2.00,2,0,0.00,0.00,0,0
1598417373,s1-eth2,149781.00,6101527.00,6251308.00,6101527,149781,2020.00,4031.00,6051.00,4031,2020,0.00,0.00,0,0
1598417373,s1-eth1,6100013.00,149184.00,6249197.00,149184,6100013,4030.00,2016.00,6046.00,2016,4030,0.00,0.00,0,0
1598417373,s3,0.00,449.00,449.00,449,0,0.00,2.00,2.00,2,0,0.00,0.00,0,0
1598417373,s2-eth2,149781.00,6104448.00,6254229.00,6104448,149781,2020.00,4032.00,6052.00,4032,2020,0.00,0.00,0,0
1598417373,s2-eth1,6101527.00,149781.00,6251308.00,149781,6101527,4031.00,2020.00,6051.00,2020,4031,0.00,0.00,0,0
1598417373,lo,1567.00,1567.00,3134.00,1567,1567,15.00,15.00,30.00,15,15,0.00,0.00,0,0
1598417373,s3-eth2,149674.00,6104448.00,6254122.00,6104448,149674,2019.00,4032.00,6051.00,4032,2019,0.00,0.00,0,0
1598417373,s3-eth1,6104448.00,149781.00,6254229.00,149781,6104448,4032.00,2020.00,6052.00,2020,4032,0.00,0.00,0,0
1598417373,total,18756792.00,18761740.00,37518532.00,18761741,18756791,18167.00,18171.00,36338.00,18171,18167,0.00,0.00,0,0
1598417374,s1,0.00,177.00,177.00,177,0,0.00,2.00,2.00,2,0,0.00,0.00,0,0
1598417374,eth0,0.00,0.00,0.00,0,0,0.00,0.00,0.00,0,0,0.00,0.00,0,0
1598417374,eth1,0.00,0.00,0.00,0,0,0.00,0.00,0.00,0,0,0.00,0.00,0,0
1598417374,s2,0.00,177.00,177.00,177,0,0.00,2.00,2.00,2,0,0.00,0.00,0,0
1598417374,s1-eth2,149772.00,6136419.00,6286191.00,6136419,149772,2024.00,4055.00,6079.00,4055,2024,0.00,0.00,0,0
1598417374,s1-eth1,6136526.00,149850.00,6286376.00,149850,6136526,4056.00,2025.00,6081.00,2025,4056,0.00,0.00,0,0
1598417374,s3,0.00,177.00,177.00,177,0,0.00,2.00,2.00,2,0,0.00,0.00,0,0
1598417374,s2-eth2,149953.00,6136349.00,6286302.00,6136349,149953,2026.00,4054.00,6080.00,4054,2026,0.00,0.00,0,0
1598417374,s2-eth1,6136419.00,149772.00,6286191.00,149772,6136419,4055.00,2024.00,6079.00,2024,4055,0.00,0.00,0,0
1598417374,lo,1719.00,1719.00,3438.00,1719,1719,18.00,18.00,36.00,18,18,0.00,0.00,0,0
1598417374,s3-eth2,150237.00,6137756.00,6287993.00,6137756,150237,2029.00,4054.00,6083.00,4054,2029,0.00,0.00,0,0
1598417374,s3-eth1,6136349.00,149953.00,6286302.00,149953,6136349,4054.00,2026.00,6080.00,2026,4054,0.00,0.00,0,0
1598417374,total,18860976.00,18862348.00,37723324.00,18862349,18860975,18262.00,18262.00,36524.00,18262,18262,0.00,0.00,0,0
1598417375,s1,0.00,70.00,70.00,70,0,0.00,1.00,1.00,1,0,0.00,0.00,0,0
1598417375,eth0,0.00,0.00,0.00,0,0,0.00,0.00,0.00,0,0,0.00,0.00,0,0
1598417375,eth1,0.00,0.00,0.00,0,0,0.00,0.00,0.00,0,0,0.00,0.00,0,0
1598417375,s2,0.00,70.00,70.00,70,0,0.00,1.00,1.00,1,0,0.00,0.00,0,0
1598417375,s1-eth2,150220.00,6142368.00,6292588.00,6142368,150220,2030.00,4058.00,6088.00,4058,2030,0.00,0.00,0,0
1598417375,s1-eth1,6143952.00,150146.00,6294098.00,150146,6143952,4060.00,2029.00,6089.00,2029,4060,0.00,0.00,0,0
1598417375,s3,0.00,70.00,70.00,70,0,0.00,1.00,1.00,1,0,0.00,0.00,0,0
1598417375,s2-eth2,150216.00,6139340.00,6289556.00,6139340,150216,2030.00,4056.00,6086.00,4056,2030,0.00,0.00,0,0
1598417375,s2-eth1,6142368.00,150220.00,6292588.00,150220,6142368,4058.00,2030.00,6088.00,2030,4058,0.00,0.00,0,0
1598417375,lo,804.00,804.00,1608.00,804,804,9.00,9.00,18.00,9,9,0.00,0.00,0,0
1598417375,s3-eth2,150216.00,6140784.00,6291000.00,6140784,150216,2030.00,4056.00,6086.00,4056,2030,0.00,0.00,0,0
1598417375,s3-eth1,6139340.00,150216.00,6289556.00,150216,6139340,4056.00,2030.00,6086.00,2030,4056,0.00,0.00,0,0
1598417375,total,18877116.00,18874088.00,37751204.00,18874088,18877116,18273.00,18271.00,36544.00,18271,18273,0.00,0.00,0,0
1598417376,s1,0.00,342.00,342.00,342,0,0.00,1.00,1.00,1,0,0.00,0.00,0,0
1598417376,eth0,0.00,0.00,0.00,0,0,0.00,0.00,0.00,0,0,0.00,0.00,0,0
1598417376,eth1,0.00,0.00,0.00,0,0,0.00,0.00,0.00,0,0,0.00,0.00,0,0
1598417376,s2,0.00,0.00,0.00,0,0,0.00,0.00,0.00,0,0,0.00,0.00,0,0
1598417376,s1-eth2,148370.00,6072996.00,6221366.00,6072996,148370,2005.00,4012.00,6017.00,4012,2005,0.00,0.00,0,0
1598417376,s1-eth1,6071482.00,148370.00,6219852.00,148370,6071482,4011.00,2005.00,6016.00,2005,4011,0.00,0.00,0,0
1598417376,s3,0.00,0.00,0.00,0,0,0.00,0.00,0.00,0,0,0.00,0.00,0,0
1598417376,s2-eth2,148370.00,6072654.00,6221024.00,6072654,148370,2005.00,4011.00,6016.00,4011,2005,0.00,0.00,0,0
1598417376,s2-eth1,6072996.00,148370.00,6221366.00,148370,6072996,4012.00,2005.00,6017.00,2005,4012,0.00,0.00,0,0
1598417376,lo,326.00,326.00,652.00,326,326,3.00,3.00,6.00,3,3,0.00,0.00,0,0
1598417376,s3-eth2,148518.00,6074168.00,6222686.00,6074168,148518,2007.00,4012.00,6019.00,4012,2007,0.00,0.00,0,0
1598417376,s3-eth1,6072654.00,148370.00,6221024.00,148370,6072654,4011.00,2005.00,6016.00,2005,4011,0.00,0.00,0,0
1598417376,total,18662716.00,18665596.00,37328312.00,18665596,18662716,18054.00,18054.00,36108.00,18054,18054,0.00,0.00,0,0
1598417377,s1,0.00,0.00,0.00,0,0,0.00,0.00,0.00,0,0,0.00,0.00,0,0
1598417377,eth0,433.00,433.00,866.00,433,433,6.00,6.00,12.00,6,6,0.00,0.00,0,0
1598417377,eth1,0.00,0.00,0.00,0,0,0.00,0.00,0.00,0,0,0.00,0.00,0,0
1598417377,s2,0.00,0.00,0.00,0,0,0.00,0.00,0.00,0,0,0.00,0.00,0,0
1598417377,s1-eth2,150886.00,6174092.00,6324978.00,6174092,150886,2039.00,4078.00,6117.00,4078,2039,0.00,0.00,0,0
1598417377,s1-eth1,6174434.00,150960.00,6325394.00,150960,6174434,4079.00,2040.00,6119.00,2040,4079,0.00,0.00,0,0
1598417377,s3,0.00,0.00,0.00,0,0,0.00,0.00,0.00,0,0,0.00,0.00,0,0
1598417377,s2-eth2,151108.00,6177120.00,6328228.00,6177120,151108,2042.00,4080.00,6122.00,4080,2042,0.00,0.00,0,0
1598417377,s2-eth1,6174092.00,150886.00,6324978.00,150886,6174092,4078.00,2039.00,6117.00,2039,4078,0.00,0.00,0,0
1598417377,lo,0.00,0.00,0.00,0,0,0.00,0.00,0.00,0,0,0.00,0.00,0,0
1598417377,s3-eth2,150960.00,6175606.00,6326566.00,6175606,150960,2040.00,4079.00,6119.00,4079,2040,0.00,0.00,0,0
1598417377,s3-eth1,6177120.00,151108.00,6328228.00,151108,6177120,4080.00,2042.00,6122.00,2042,4080,0.00,0.00,0,0
1598417377,total,18979032.00,18980204.00,37959240.00,18980205,18979033,18364.00,18364.00,36728.00,18364,18364,0.00,0.00,0,0
1598417378,s1,0.00,0.00,0.00,0,0,0.00,0.00,0.00,0,0,0.00,0.00,0,0
1598417378,eth0,0.00,0.00,0.00,0,0,0.00,0.00,0.00,0,0,0.00,0.00,0,0
1598417378,eth1,0.00,0.00,0.00,0,0,0.00,0.00,0.00,0,0,0.00,0.00,0,0
1598417378,s2,0.00,0.00,0.00,0,0,0.00,0.00,0.00,0,0,0.00,0.00,0,0
1598417378,s1-eth2,68911.09,2625364.75,2694275.75,2627990,68980,931.07,1737.26,2668.33,1739,932,0.00,0.00,0,0
1598417378,s1-eth1,2690401.75,67358.64,2757760.25,67426,2693092,1780.22,910.09,2690.31,911,1782,0.00,0.00,0,0
1598417378,s3,0.00,0.00,0.00,0,0,0.00,0.00,0.00,0,0,0.00,0.00,0,0
1598417378,s2-eth2,70241.76,2558815.25,2629057.00,2561374,70312,949.05,1693.31,2642.36,1695,950,0.00,0.00,0,0
1598417378,s2-eth1,2625364.75,68911.09,2694275.75,68980,2627990,1737.26,931.07,2668.33,932,1739,0.00,0.00,0,0
1598417378,lo,0.00,0.00,0.00,0,0,0.00,0.00,0.00,0,0,0.00,0.00,0,0
1598417378,s3-eth2,71794.21,2463528.50,2535322.75,2465992,71866,970.03,1630.37,2600.40,1632,971,0.00,0.00,0,0
1598417378,s3-eth1,2558815.25,70241.76,2629057.00,70312,2561374,1693.31,949.05,2642.36,950,1695,0.00,0.00,0,0
1598417378,total,8085528.50,7854220.00,15939749.00,7862074,8093614,8060.94,7851.15,15912.09,7859,8069,0.00,0.00,0,0
1598417379,s1,0.00,0.00,0.00,0,0,0.00,0.00,0.00,0,0,0.00,0.00,0,0
1598417379,eth0,0.00,0.00,0.00,0,0,0.00,0.00,0.00,0,0,0.00,0.00,0,0
1598417379,eth1,0.00,0.00,0.00,0,0,0.00,0.00,0.00,0,0,0.00,0.00,0,0
1598417379,s2,0.00,0.00,0.00,0,0,0.00,0.00,0.00,0,0,0.00,0.00,0,0
1598417379,s1-eth2,0.00,0.00,0.00,0,0,0.00,0.00,0.00,0,0,0.00,0.00,0,0
1598417379,s1-eth1,0.00,0.00,0.00,0,0,0.00,0.00,0.00,0,0,0.00,0.00,0,0
1598417379,s3,0.00,0.00,0.00,0,0,0.00,0.00,0.00,0,0,0.00,0.00,0,0
1598417379,s2-eth2,0.00,0.00,0.00,0,0,0.00,0.00,0.00,0,0,0.00,0.00,0,0
1598417379,s2-eth1,0.00,0.00,0.00,0,0,0.00,0.00,0.00,0,0,0.00,0.00,0,0
1598417379,lo,0.00,0.00,0.00,0,0,0.00,0.00,0.00,0,0,0.00,0.00,0,0
1598417379,s3-eth2,0.00,0.00,0.00,0,0,0.00,0.00,0.00,0,0,0.00,0.00,0,0
1598417379,s3-eth1,0.00,0.00,0.00,0,0,0.00,0.00,0.00,0,0,0.00,0.00,0,0
1598417379,total,0.00,0.00,0.00,0,0,0.00,0.00,0.00,0,0,0.00,0.00,0,0
1598417380,s1,0.00,0.00,0.00,0,0,0.00,0.00,0.00,0,0,0.00,0.00,0,0
1598417380,eth0,0.00,0.00,0.00,0,0,0.00,0.00,0.00,0,0,0.00,0.00,0,0
1598417380,eth1,0.00,0.00,0.00,0,0,0.00,0.00,0.00,0,0,0.00,0.00,0,0
1598417380,s2,0.00,0.00,0.00,0,0,0.00,0.00,0.00,0,0,0.00,0.00,0,0
1598417380,s1-eth2,0.00,0.00,0.00,0,0,0.00,0.00,0.00,0,0,0.00,0.00,0,0
1598417380,s1-eth1,0.00,0.00,0.00,0,0,0.00,0.00,0.00,0,0,0.00,0.00,0,0
1598417380,s3,0.00,0.00,0.00,0,0,0.00,0.00,0.00,0,0,0.00,0.00,0,0
1598417380,s2-eth2,0.00,0.00,0.00,0,0,0.00,0.00,0.00,0,0,0.00,0.00,0,0
1598417380,s2-eth1,0.00,0.00,0.00,0,0,0.00,0.00,0.00,0,0,0.00,0.00,0,0
1598417380,lo,515.48,515.48,1030.97,516,516,8.99,8.99,17.98,9,9,0.00,0.00,0,0
1598417380,s3-eth2,341.66,0.00,341.66,0,342,1.00,0.00,1.00,0,1,0.00,0.00,0,0
1598417380,s3-eth1,0.00,0.00,0.00,0,0,0.00,0.00,0.00,0,0,0.00,0.00,0,0
1598417380,total,857.14,515.48,1372.63,516,858,9.99,8.99,18.98,9,10,0.00,0.00,0,0
1598417381,s1,0.00,107.00,107.00,107,0,0.00,1.00,1.00,1,0,0.00,0.00,0,0
1598417381,eth0,802.00,1047.00,1849.00,1047,802,8.00,7.00,15.00,7,8,0.00,0.00,0,0
1598417381,eth1,0.00,0.00,0.00,0,0,0.00,0.00,0.00,0,0,0.00,0.00,0,0
1598417381,s2,0.00,107.00,107.00,107,0,0.00,1.00,1.00,1,0,0.00,0.00,0,0
1598417381,s1-eth2,107.00,107.00,214.00,107,107,1.00,1.00,2.00,1,1,0.00,0.00,0,0
1598417381,s1-eth1,107.00,0.00,107.00,0,107,1.00,0.00,1.00,0,1,0.00,0.00,0,0
1598417381,s3,0.00,107.00,107.00,107,0,0.00,1.00,1.00,1,0,0.00,0.00,0,0
1598417381,s2-eth2,107.00,0.00,107.00,0,107,1.00,0.00,1.00,0,1,0.00,0.00,0,0
1598417381,s2-eth1,107.00,107.00,214.00,107,107,1.00,1.00,2.00,1,1,0.00,0.00,0,0
1598417381,lo,1291.00,1291.00,2582.00,1291,1291,13.00,13.00,26.00,13,13,0.00,0.00,0,0
1598417381,s3-eth2,0.00,0.00,0.00,0,0,0.00,0.00,0.00,0,0,0.00,0.00,0,0
1598417381,s3-eth1,0.00,107.00,107.00,107,0,0.00,1.00,1.00,1,0,0.00,0.00,0,0
1598417381,total,2521.00,2980.00,5501.00,2980,2521,25.00,26.00,51.00,26,25,0.00,0.00,0,0
1598417382,s1,0.00,107.00,107.00,107,0,0.00,1.00,1.00,1,0,0.00,0.00,0,0
1598417382,eth0,2858.00,7331.00,10189.00,7331,2858,12.00,14.00,26.00,14,12,0.00,0.00,0,0
1598417382,eth1,0.00,0.00,0.00,0,0,0.00,0.00,0.00,0,0,0.00,0.00,0,0
1598417382,s2,0.00,107.00,107.00,107,0,0.00,1.00,1.00,1,0,0.00,0.00,0,0
1598417382,s1-eth2,42.00,149.00,191.00,149,42,1.00,2.00,3.00,2,1,0.00,0.00,0,0
1598417382,s1-eth1,256.00,42.00,298.00,42,256,3.00,1.00,4.00,1,3,0.00,0.00,0,0
1598417382,s3,0.00,449.00,449.00,449,0,0.00,2.00,2.00,2,0,0.00,0.00,0,0
1598417382,s2-eth2,491.00,149.00,640.00,149,491,3.00,2.00,5.00,2,3,0.00,0.00,0,0
1598417382,s2-eth1,149.00,42.00,191.00,42,149,2.00,1.00,3.00,1,2,0.00,0.00,0,0
1598417382,lo,1241.00,1241.00,2482.00,1241,1241,12.00,12.00,24.00,12,12,0.00,0.00,0,0
1598417382,s3-eth2,705.00,42.00,747.00,42,705,5.00,1.00,6.00,1,5,0.00,0.00,0,0
1598417382,s3-eth1,149.00,491.00,640.00,491,149,2.00,3.00,5.00,3,2,0.00,0.00,0,0
1598417382,total,5891.00,10150.00,16041.00,10150,5891,40.00,40.00,80.00,40,40,0.00,0.00,0,0
1598417383,s1,0.00,0.00,0.00,0,0,0.00,0.00,0.00,0,0,0.00,0.00,0,0
1598417383,eth0,0.00,0.00,0.00,0,0,0.00,0.00,0.00,0,0,0.00,0.00,0,0
1598417383,eth1,0.00,0.00,0.00,0,0,0.00,0.00,0.00,0,0,0.00,0.00,0,0
1598417383,s2,0.00,0.00,0.00,0,0,0.00,0.00,0.00,0,0,0.00,0.00,0,0
1598417383,s1-eth2,0.00,0.00,0.00,0,0,0.00,0.00,0.00,0,0,0.00,0.00,0,0
1598417383,s1-eth1,0.00,0.00,0.00,0,0,0.00,0.00,0.00,0,0,0.00,0.00,0,0
1598417383,s3,0.00,0.00,0.00,0,0,0.00,0.00,0.00,0,0,0.00,0.00,0,0
1598417383,s2-eth2,0.00,0.00,0.00,0,0,0.00,0.00,0.00,0,0,0.00,0.00,0,0
1598417383,s2-eth1,0.00,0.00,0.00,0,0,0.00,0.00,0.00,0,0,0.00,0.00,0,0
1598417383,lo,0.00,0.00,0.00,0,0,0.00,0.00,0.00,0,0,0.00,0.00,0,0
1598417383,s3-eth2,0.00,0.00,0.00,0,0,0.00,0.00,0.00,0,0,0.00,0.00,0,0
1598417383,s3-eth1,0.00,0.00,0.00,0,0,0.00,0.00,0.00,0,0,0.00,0.00,0,0
1598417383,total,0.00,0.00,0.00,0,0,0.00,0.00,0.00,0,0,0.00,0.00,0,0
1598417384,s1,0.00,0.00,0.00,0,0,0.00,0.00,0.00,0,0,0.00,0.00,0,0
1598417384,eth0,0.00,0.00,0.00,0,0,0.00,0.00,0.00,0,0,0.00,0.00,0,0
1598417384,eth1,0.00,0.00,0.00,0,0,0.00,0.00,0.00,0,0,0.00,0.00,0,0
1598417384,s2,0.00,0.00,0.00,0,0,0.00,0.00,0.00,0,0,0.00,0.00,0,0
1598417384,s1-eth2,0.00,0.00,0.00,0,0,0.00,0.00,0.00,0,0,0.00,0.00,0,0
1598417384,s1-eth1,0.00,0.00,0.00,0,0,0.00,0.00,0.00,0,0,0.00,0.00,0,0
1598417384,s3,0.00,0.00,0.00,0,0,0.00,0.00,0.00,0,0,0.00,0.00,0,0
1598417384,s2-eth2,0.00,0.00,0.00,0,0,0.00,0.00,0.00,0,0,0.00,0.00,0,0
1598417384,s2-eth1,0.00,0.00,0.00,0,0,0.00,0.00,0.00,0,0,0.00,0.00,0,0
1598417384,lo,0.00,0.00,0.00,0,0,0.00,0.00,0.00,0,0,0.00,0.00,0,0
1598417384,s3-eth2,0.00,0.00,0.00,0,0,0.00,0.00,0.00,0,0,0.00,0.00,0,0
1598417384,s3-eth1,0.00,0.00,0.00,0,0,0.00,0.00,0.00,0,0,0.00,0.00,0,0
1598417384,total,0.00,0.00,0.00,0,0,0.00,0.00,0.00,0,0,0.00,0.00,0,0
1598417385,s1,0.00,0.00,0.00,0,0,0.00,0.00,0.00,0,0,0.00,0.00,0,0
1598417385,eth0,0.00,0.00,0.00,0,0,0.00,0.00,0.00,0,0,0.00,0.00,0,0
1598417385,eth1,0.00,0.00,0.00,0,0,0.00,0.00,0.00,0,0,0.00,0.00,0,0
1598417385,s2,0.00,0.00,0.00,0,0,0.00,0.00,0.00,0,0,0.00,0.00,0,0
1598417385,s1-eth2,0.00,0.00,0.00,0,0,0.00,0.00,0.00,0,0,0.00,0.00,0,0
1598417385,s1-eth1,0.00,0.00,0.00,0,0,0.00,0.00,0.00,0,0,0.00,0.00,0,0
1598417385,s3,0.00,0.00,0.00,0,0,0.00,0.00,0.00,0,0,0.00,0.00,0,0
1598417385,s2-eth2,0.00,0.00,0.00,0,0,0.00,0.00,0.00,0,0,0.00,0.00,0,0
1598417385,s2-eth1,0.00,0.00,0.00,0,0,0.00,0.00,0.00,0,0,0.00,0.00,0,0
1598417385,lo,0.00,0.00,0.00,0,0,0.00,0.00,0.00,0,0,0.00,0.00,0,0
1598417385,s3-eth2,0.00,0.00,0.00,0,0,0.00,0.00,0.00,0,0,0.00,0.00,0,0
1598417385,s3-eth1,0.00,0.00,0.00,0,0,0.00,0.00,0.00,0,0,0.00,0.00,0,0
1598417385,total,0.00,0.00,0.00,0,0,0.00,0.00,0.00,0,0,0.00,0.00,0,0
1598417386,s1,0.00,0.00,0.00,0,0,0.00,0.00,0.00,0,0,0.00,0.00,0,0
1598417386,eth0,0.00,0.00,0.00,0,0,0.00,0.00,0.00,0,0,0.00,0.00,0,0
1598417386,eth1,0.00,0.00,0.00,0,0,0.00,0.00,0.00,0,0,0.00,0.00,0,0
1598417386,s2,0.00,342.00,342.00,342,0,0.00,1.00,1.00,1,0,0.00,0.00,0,0
1598417386,s1-eth2,342.00,0.00,342.00,0,342,1.00,0.00,1.00,0,1,0.00,0.00,0,0
1598417386,s1-eth1,0.00,0.00,0.00,0,0,0.00,0.00,0.00,0,0,0.00,0.00,0,0
1598417386,s3,0.00,342.00,342.00,342,0,0.00,1.00,1.00,1,0,0.00,0.00,0,0
1598417386,s2-eth2,342.00,0.00,342.00,0,342,1.00,0.00,1.00,0,1,0.00,0.00,0,0
1598417386,s2-eth1,0.00,342.00,342.00,342,0,0.00,1.00,1.00,1